Date,Open,High,Low,Close,Volume,Adj Close
2016-10-07,18.84,18.84,18.440001,18.77,307500,18.77
2016-10-06,18.65,18.950001,18.60,18.83,401200,18.83
2016-10-05,18.610001,18.719999,18.440001,18.709999,435800,18.709999
2016-10-04,18.90,19.01,18.549999,18.60,274100,18.60
2016-10-03,18.77,19.02,18.67,18.860001,352100,18.860001
2016-09-30,19.00,19.09,18.76,18.879999,385500,18.879999
2016-09-29,18.91,19.040001,18.83,18.870001,386900,18.870001
2016-09-28,18.709999,18.92,18.549999,18.91,274500,18.91
2016-09-27,18.49,18.690001,18.370001,18.67,774200,18.67
2016-09-26,18.639999,18.66,18.459999,18.459999,326900,18.459999
2016-09-23,18.67,18.84,18.469999,18.690001,938400,18.690001
2016-09-22,18.969999,19.00,18.68,18.75,748800,18.75
2016-09-21,18.940001,19.17,18.709999,18.809999,448600,18.809999
2016-09-20,19.360001,19.41,18.93,18.940001,333500,18.920001
2016-09-19,19.50,19.52,19.200001,19.219999,468400,19.199704
2016-09-16,19.549999,19.74,19.280001,19.309999,2801800,19.289609
2016-09-15,18.950001,19.65,18.780001,19.549999,540300,19.529355
2016-09-14,18.84,19.040001,18.73,18.959999,278200,18.939978
2016-09-13,18.99,18.99,18.790001,18.85,329300,18.830096
2016-09-12,18.91,19.15,18.75,19.09,429100,19.069842
2016-09-09,19.67,19.67,18.91,18.940001,417000,18.920001
2016-09-08,19.52,19.790001,19.459999,19.780001,448800,19.759114
2016-09-07,19.27,19.559999,19.17,19.540001,360600,19.519368
2016-09-06,19.26,19.35,19.17,19.219999,269400,19.199704
2016-09-02,19.18,19.43,19.120001,19.25,300600,19.229673
2016-09-01,19.040001,19.190001,18.860001,19.17,347100,19.149757
2016-08-31,19.18,19.24,18.870001,19.030001,388300,19.009906
2016-08-30,19.15,19.27,19.049999,19.139999,384600,19.119788
2016-08-29,19.209999,19.370001,19.09,19.139999,346000,19.119788
2016-08-26,19.26,19.360001,19.01,19.200001,548100,19.179726
2016-08-25,19.700001,19.700001,19.07,19.219999,477000,19.199704
2016-08-24,19.77,20.049999,19.389999,19.75,607400,19.729145
2016-08-23,19.469999,19.889999,19.469999,19.799999,975000,19.779091
2016-08-22,19.33,19.43,19.17,19.43,302400,19.409483
2016-08-19,19.00,19.41,18.969999,19.389999,244600,19.369524
2016-08-18,19.01,19.219999,18.969999,19.07,245700,19.049863
2016-08-17,19.049999,19.290001,19.00,19.00,296000,18.979937
2016-08-16,19.01,19.209999,18.959999,19.040001,402900,19.019896
2016-08-15,19.030001,19.360001,18.969999,19.00,310700,18.979937
2016-08-12,19.040001,19.040001,18.860001,18.98,418300,18.959957
2016-08-11,18.870001,19.73,18.780001,19.059999,436900,19.039873
2016-08-10,18.92,18.92,18.76,18.85,327300,18.830096
2016-08-09,19.07,19.209999,18.73,18.889999,497000,18.870052
2016-08-08,19.35,19.43,19.030001,19.07,312500,19.049863
2016-08-05,18.99,19.41,18.99,19.35,456200,19.329568
2016-08-04,18.74,18.969999,18.610001,18.959999,600700,18.939978
2016-08-03,18.52,18.73,18.42,18.700001,353000,18.680254
2016-08-02,18.50,18.549999,18.309999,18.51,553000,18.490454
2016-08-01,18.49,18.65,18.40,18.530001,551300,18.510434
2016-07-29,18.309999,18.629999,18.26,18.52,339900,18.500444
2016-07-28,18.01,18.620001,17.73,18.469999,461100,18.450496
2016-07-27,18.18,18.299999,17.969999,18.040001,495300,18.020951
2016-07-26,18.00,18.309999,17.889999,18.18,261400,18.160803
2016-07-25,18.26,18.27,17.959999,18.049999,620000,18.030939
2016-07-22,17.870001,18.629999,17.870001,18.25,667800,18.230729
2016-07-21,17.77,17.950001,17.709999,17.84,350300,17.821162
2016-07-20,18.040001,18.190001,17.809999,17.85,301700,17.831152
2016-07-19,18.200001,18.200001,17.90,17.950001,433700,17.931046
2016-07-18,18.190001,18.27,17.959999,18.15,434300,18.130834
2016-07-15,18.309999,18.309999,17.98,18.27,603000,18.250708
2016-07-14,18.559999,18.709999,18.07,18.280001,426300,18.260698
2016-07-13,18.18,18.57,18.07,18.48,538900,18.460485
2016-07-12,18.01,18.219999,17.92,18.110001,545900,18.090877
2016-07-11,17.98,18.07,17.860001,18.00,331400,17.980993
2016-07-08,17.68,18.049999,17.68,17.99,331900,17.971003
2016-07-07,17.620001,17.809999,17.389999,17.50,272900,17.481521
2016-07-06,17.32,17.690001,17.26,17.59,501900,17.571426
2016-07-05,17.360001,17.41,17.110001,17.32,472000,17.301711
2016-07-01,17.389999,17.66,17.389999,17.530001,371000,17.51149
2016-06-30,17.27,17.530001,17.02,17.389999,605100,17.371636
2016-06-29,17.24,17.559999,16.549999,17.190001,545300,17.171849
2016-06-28,17.059999,17.08,16.84,16.98,642000,16.962069
2016-06-27,16.93,17.07,16.66,16.809999,1077100,16.792249
2016-06-24,16.66,17.129999,16.66,17.110001,854400,17.091933
2016-06-23,17.290001,17.43,17.209999,17.360001,492600,17.341669
2016-06-22,17.23,17.309999,16.75,17.09,1196500,17.071954
2016-06-21,17.23,17.75,17.23,17.49,809400,17.471531
2016-06-20,18.030001,18.50,18.02,18.200001,669700,18.180782
2016-06-17,17.76,18.02,17.74,17.879999,509900,17.861119
2016-06-16,17.65,17.83,17.34,17.780001,290600,17.741247
2016-06-15,17.709999,17.99,17.52,17.73,462400,17.691355
2016-06-14,17.92,18.129999,17.540001,17.690001,457400,17.651443
2016-06-13,18.129999,18.290001,17.82,17.959999,492900,17.920853
2016-06-10,18.26,18.60,17.90,18.190001,448900,18.150353
2016-06-09,18.639999,19.09,18.299999,18.32,603400,18.280069
2016-06-08,18.76,18.90,18.65,18.780001,425500,18.739067
2016-06-07,18.629999,18.809999,18.52,18.709999,347100,18.669218
2016-06-06,18.49,18.790001,18.379999,18.67,328800,18.629307
2016-06-03,18.299999,18.48,17.98,18.450001,277900,18.409787
2016-06-02,18.379999,18.469999,18.17,18.309999,428100,18.270091
2016-06-01,18.35,18.50,18.27,18.48,324700,18.43972
2016-05-31,18.40,18.50,18.34,18.48,406100,18.43972
2016-05-27,18.280001,18.49,18.26,18.35,291300,18.310004
2016-05-26,18.26,18.41,18.08,18.25,253300,18.210222
2016-05-25,18.049999,18.41,17.889999,18.25,535700,18.210222
2016-05-24,17.709999,18.110001,17.50,18.07,534800,18.030614
2016-05-23,17.889999,18.040001,17.610001,17.65,329100,17.611529
2016-05-20,17.57,17.93,17.57,17.91,453900,17.870963
2016-05-19,17.139999,17.620001,17.09,17.48,583800,17.4419
2016-05-18,16.790001,17.620001,16.790001,17.209999,450400,17.172488
2016-05-17,17.370001,17.99,17.309999,17.459999,511700,17.421943
2016-05-16,17.50,17.629999,17.200001,17.40,581200,17.362074
2016-05-13,17.639999,17.91,17.309999,17.440001,723800,17.401988
2016-05-12,17.82,17.959999,17.58,17.700001,448000,17.661421
2016-05-11,18.00,18.10,17.67,17.73,413500,17.691355
2016-05-10,17.799999,18.200001,17.799999,18.10,315700,18.060549
2016-05-09,17.549999,17.90,17.42,17.76,487900,17.72129
2016-05-06,17.620001,18.040001,17.559999,17.91,553300,17.870963
2016-05-05,17.65,17.83,17.469999,17.700001,337000,17.661421
2016-05-04,17.91,18.27,17.610001,17.610001,363500,17.571617
2016-05-03,18.10,18.10,17.690001,17.93,515000,17.89092
2016-05-02,18.08,18.34,17.93,18.26,573300,18.2202
2016-04-29,18.459999,18.67,18.01,18.110001,603600,18.070528
2016-04-28,18.57,18.860001,18.049999,18.49,677400,18.449699
2016-04-27,18.00,19.00,18.00,18.75,1254400,18.709132
2016-04-26,17.15,18.110001,17.01,18.040001,2024700,18.000681
2016-04-25,17.379999,17.48,16.860001,17.16,659700,17.122598
2016-04-22,17.26,17.59,17.26,17.40,457600,17.362074
2016-04-21,17.67,17.67,17.00,17.219999,1184300,17.182466
2016-04-20,17.870001,18.02,17.67,17.82,346200,17.781159
2016-04-19,17.75,17.950001,17.74,17.91,617900,17.870963
2016-04-18,17.59,17.879999,17.559999,17.690001,363700,17.651443
2016-04-15,17.75,17.950001,17.450001,17.629999,455800,17.591572
2016-04-14,17.74,17.90,17.610001,17.709999,454600,17.671398
2016-04-13,17.219999,17.860001,17.219999,17.75,858400,17.711312
2016-04-12,17.18,17.389999,17.08,17.17,463200,17.132576
2016-04-11,17.219999,17.41,17.049999,17.15,408500,17.112619
2016-04-08,17.27,17.57,17.120001,17.25,492400,17.212402
2016-04-07,17.139999,17.43,16.780001,17.200001,836900,17.162511
2016-04-06,17.84,17.889999,17.059999,17.530001,1364600,17.491792
2016-04-05,18.15,18.42,17.76,17.91,935200,17.870963
2016-04-04,18.60,18.780001,18.290001,18.309999,584600,18.270091
2016-04-01,18.440001,18.620001,18.17,18.549999,620300,18.509567
2016-03-31,18.620001,18.73,18.450001,18.549999,784800,18.509567
2016-03-30,18.860001,18.90,18.41,18.620001,808600,18.579416
2016-03-29,18.48,18.889999,18.290001,18.870001,629600,18.828871
2016-03-28,18.82,18.82,18.27,18.549999,554300,18.509567
2016-03-24,18.860001,18.860001,18.629999,18.780001,507100,18.739067
2016-03-23,19.08,19.18,18.870001,18.940001,344200,18.898718
2016-03-22,19.41,19.73,19.110001,19.129999,247500,19.088303
2016-03-21,19.65,19.690001,19.35,19.49,365500,19.447519
2016-03-18,19.209999,19.77,19.01,19.75,1667100,19.706952
2016-03-17,18.52,19.219999,18.52,19.120001,361100,19.078326
2016-03-16,18.299999,18.67,18.26,18.51,371500,18.449699
2016-03-15,18.620001,18.959999,18.34,18.379999,359800,18.320122
2016-03-14,18.74,18.83,18.219999,18.73,497400,18.668982
2016-03-11,18.68,18.889999,18.58,18.74,396000,18.67895
2016-03-10,18.559999,18.969999,18.379999,18.549999,515600,18.489568
2016-03-09,18.26,18.690001,18.219999,18.459999,516600,18.399861
2016-03-08,19.129999,19.17,18.16,18.18,572600,18.120774
2016-03-07,18.889999,19.09,18.51,19.00,705800,18.938103
2016-03-04,18.42,19.17,18.42,18.92,672400,18.858363
2016-03-03,18.09,18.57,18.09,18.450001,399000,18.389895
2016-03-02,18.51,18.870001,17.889999,18.16,633300,18.100839
2016-03-01,18.459999,18.82,17.700001,18.469999,639900,18.409829
2016-02-29,18.40,18.690001,18.120001,18.40,716500,18.340057
2016-02-26,18.77,19.059999,18.700001,18.780001,412500,18.71882
2016-02-25,18.950001,18.98,18.290001,18.60,689300,18.539406
2016-02-24,18.82,19.870001,18.309999,18.950001,686800,18.888266
2016-02-23,18.98,19.24,18.75,18.940001,511200,18.878299
2016-02-22,19.10,19.67,18.879999,18.950001,565800,18.888266
2016-02-19,19.07,19.07,18.639999,18.84,471000,18.778624
2016-02-18,19.049999,19.32,18.879999,19.139999,659100,19.077646
2016-02-17,19.35,19.77,18.92,18.93,1302600,18.868331
2016-02-16,19.25,19.530001,18.809999,19.17,802500,19.107549
2016-02-12,18.610001,19.10,18.43,19.049999,566800,18.987939
2016-02-11,18.559999,18.74,18.030001,18.379999,681200,18.320122
2016-02-10,19.190001,19.379999,18.540001,18.77,911600,18.708852
2016-02-09,18.559999,19.24,18.50,19.08,1009600,19.017842
2016-02-08,18.610001,18.860001,18.110001,18.799999,959900,18.738754
2016-02-05,18.57,18.790001,18.42,18.719999,982700,18.659014
2016-02-04,17.74,18.83,17.74,18.58,1109600,18.519471
2016-02-03,17.209999,17.790001,17.059999,17.709999,1001900,17.652304
2016-02-02,17.25,17.49,17.040001,17.059999,496000,17.004422
2016-02-01,17.120001,17.51,16.91,17.370001,729600,17.313414
2016-01-29,16.629999,17.219999,16.629999,17.15,671900,17.094129
2016-01-28,16.74,16.969999,16.10,16.65,966300,16.595758
2016-01-27,17.49,17.59,16.450001,16.68,1259400,16.625661
2016-01-26,16.059999,17.57,15.98,17.540001,1387800,17.48286
2016-01-25,16.370001,16.57,15.90,15.95,844600,15.898039
2016-01-22,16.33,16.99,16.190001,16.389999,844000,16.336605
2016-01-21,15.94,16.51,15.51,16.16,1196100,16.107355
2016-01-20,15.80,16.18,15.36,15.97,1219200,15.917974
2016-01-19,16.469999,16.66,15.93,16.049999,973100,15.997712
2016-01-15,15.77,16.27,15.61,16.25,834800,16.197062
2016-01-14,15.94,16.370001,15.56,16.18,767300,16.12729
2016-01-13,16.190001,16.43,15.77,15.85,842000,15.798365
2016-01-12,16.219999,16.75,15.95,16.190001,646100,16.137258
2016-01-11,16.08,16.26,15.98,16.16,662400,16.107355
2016-01-08,15.93,16.309999,15.93,16.059999,1366400,16.00768
2016-01-07,15.89,16.120001,15.54,15.99,1780700,15.937908
2016-01-06,16.90,17.139999,16.610001,16.639999,879300,16.58579
2016-01-05,16.709999,17.110001,16.639999,17.07,660300,17.01439
2016-01-04,16.85,16.85,16.370001,16.65,852800,16.595758
2015-12-31,16.969999,17.27,16.870001,17.02,375000,16.964554
2015-12-30,17.18,17.26,16.959999,17.01,408600,16.954586
2015-12-29,17.18,17.40,16.99,17.16,282400,17.104097
2015-12-28,17.26,17.450001,17.030001,17.09,388100,17.034325
2015-12-24,17.389999,17.43,17.18,17.309999,122800,17.253608
2015-12-23,17.18,17.65,17.15,17.35,456100,17.293478
2015-12-22,17.08,17.27,16.889999,17.09,553500,17.034325
2015-12-21,16.799999,17.10,16.77,16.98,496300,16.924683
2015-12-18,16.90,17.01,16.35,16.799999,2852500,16.745269
2015-12-17,17.59,17.85,17.41,17.42,687000,17.36325
2015-12-16,17.40,17.76,17.370001,17.58,752600,17.522729
2015-12-15,17.17,17.35,17.08,17.309999,670700,17.253608
2015-12-14,16.93,17.17,16.49,17.10,819600,17.044293
2015-12-11,17.129999,17.290001,16.82,16.969999,524300,16.914715
2015-12-10,17.190001,17.51,17.00,17.40,561600,17.343315
2015-12-09,17.26,17.48,16.58,17.15,471500,17.094129
2015-12-08,17.440001,17.57,16.549999,17.32,601600,17.263575
2015-12-07,17.84,17.93,17.370001,17.540001,832100,17.48286
2015-12-04,17.219999,18.049999,17.16,17.85,1419100,17.79185
2015-12-03,17.98,18.370001,17.77,17.809999,712000,17.732044
2015-12-02,18.92,19.15,17.879999,17.969999,1148800,17.891343
2015-12-01,19.290001,19.290001,18.309999,19.00,1143700,18.916836
2015-11-30,19.82,19.98,19.07,19.16,515700,19.076135
2015-11-27,19.379999,19.91,19.34,19.82,167600,19.733246
2015-11-25,19.379999,19.65,19.129999,19.389999,325500,19.305128
2015-11-24,19.290001,20.01,19.040001,19.389999,443600,19.305128
2015-11-23,19.08,19.530001,19.07,19.469999,460100,19.384778
2015-11-20,19.48,19.59,19.190001,19.26,357000,19.175698
2015-11-19,19.24,19.440001,19.07,19.360001,286000,19.275261
2015-11-18,19.33,19.360001,19.040001,19.25,359300,19.165741
2015-11-17,18.889999,19.459999,18.66,19.219999,572900,19.135872
2015-11-16,18.77,18.91,18.379999,18.84,1043600,18.757536
2015-11-13,18.940001,19.860001,18.66,18.83,642000,18.74758
2015-11-12,19.809999,20.190001,19.07,19.07,694100,18.986529
2015-11-11,19.92,20.049999,19.77,19.959999,373500,19.872633
2015-11-10,19.60,19.99,19.540001,19.889999,550700,19.80294
2015-11-09,20.01,20.01,19.34,19.68,486300,19.59386
2015-11-06,19.620001,20.030001,19.48,20.01,305900,19.922415
2015-11-05,19.639999,19.84,19.49,19.73,394800,19.64364
2015-11-04,19.40,19.700001,19.23,19.559999,493400,19.474384
2015-11-03,19.26,19.540001,19.17,19.459999,305600,19.374821
2015-11-02,18.790001,19.559999,18.700001,19.280001,505800,19.195611
2015-10-30,18.91,19.27,18.709999,18.83,724400,18.74758
2015-10-29,18.540001,19.09,18.24,18.84,1045400,18.757536
2015-10-28,19.469999,19.620001,18.40,18.74,1820900,18.657974
2015-10-27,21.27,21.48,19.77,20.110001,1466800,20.021978
2015-10-26,21.459999,21.629999,21.389999,21.459999,449000,21.366067
2015-10-23,21.66,21.790001,21.290001,21.51,404400,21.41585
2015-10-22,21.68,21.85,21.059999,21.469999,444000,21.376024
2015-10-21,21.67,21.950001,21.59,21.610001,244600,21.515412
2015-10-20,21.26,21.540001,21.219999,21.50,250400,21.405893
2015-10-19,21.030001,21.40,21.030001,21.290001,280500,21.196813
2015-10-16,21.110001,21.290001,20.950001,21.18,217600,21.087294
2015-10-15,20.84,21.07,20.60,21.030001,251400,20.937951
2015-10-14,20.719999,20.969999,20.629999,20.709999,231000,20.61935
2015-10-13,21.370001,21.370001,20.629999,20.629999,319300,20.5397
2015-10-12,21.58,21.74,21.309999,21.629999,222900,21.535323
2015-10-09,21.129999,21.610001,20.969999,21.49,352200,21.395937
2015-10-08,20.68,21.18,20.60,21.17,300800,21.077338
2015-10-07,20.57,20.73,20.27,20.709999,410800,20.61935
2015-10-06,20.700001,20.84,20.389999,20.459999,402500,20.370444
2015-10-05,20.549999,20.950001,20.33,20.690001,413200,20.599439
2015-10-02,20.01,20.540001,19.889999,20.540001,472500,20.450096
2015-10-01,19.940001,20.280001,19.83,20.209999,549100,20.121539
2015-09-30,20.43,20.50,19.870001,19.940001,628000,19.852722
2015-09-29,20.27,20.27,20.049999,20.219999,547700,20.131495
2015-09-28,20.33,20.43,20.190001,20.190001,429200,20.101628
2015-09-25,20.27,20.610001,20.02,20.40,514200,20.310707
2015-09-24,20.030001,20.34,19.790001,20.02,876200,19.932372
2015-09-23,20.51,20.57,20.26,20.280001,346200,20.191234
2015-09-22,20.440001,20.50,20.290001,20.43,457100,20.340577
2015-09-21,20.870001,21.00,20.559999,20.59,269500,20.499876
2015-09-18,20.85,21.02,20.73,20.799999,1245900,20.708956
2015-09-17,21.129999,21.280001,21.01,21.120001,301700,21.027557
2015-09-16,20.99,21.24,20.940001,21.15,352800,21.057425
2015-09-15,20.719999,21.120001,20.719999,21.07,271800,20.977775
2015-09-14,20.940001,21.07,20.65,20.76,269400,20.649219
2015-09-11,20.66,21.02,20.66,20.91,309800,20.798418
2015-09-10,20.549999,20.84,20.52,20.780001,401200,20.669113
2015-09-09,20.58,20.73,20.389999,20.459999,336700,20.350819
2015-09-08,20.58,20.780001,20.469999,20.57,395100,20.460232
2015-09-04,19.959999,20.450001,19.870001,20.34,352700,20.23146
2015-09-03,20.120001,20.33,20.02,20.110001,409400,20.002688
2015-09-02,19.75,20.200001,19.67,20.09,578800,19.982794
2015-09-01,19.91,20.049999,19.49,19.50,1048300,19.395942
2015-08-31,20.469999,20.49,20.190001,20.24,533700,20.131993
2015-08-28,20.360001,20.860001,20.32,20.549999,481200,20.440339
2015-08-27,20.59,20.59,20.190001,20.450001,784000,20.340874
2015-08-26,20.00,20.57,19.82,20.450001,607400,20.340874
2015-08-25,20.51,20.700001,19.639999,19.67,636200,19.565035
2015-08-24,19.700001,20.83,19.10,20.059999,925100,19.952954
2015-08-21,19.940001,20.34,19.700001,20.17,794000,20.062367
2015-08-20,20.84,20.940001,20.290001,20.299999,569400,20.191673
2015-08-19,21.18,21.25,20.959999,20.969999,435100,20.858097
2015-08-18,21.309999,21.440001,21.15,21.25,299200,21.136604
2015-08-17,21.280001,21.459999,21.17,21.309999,242300,21.196283
2015-08-14,20.90,21.41,20.870001,21.360001,254700,21.246018
2015-08-13,20.92,21.190001,20.91,20.959999,203200,20.848151
2015-08-12,20.92,21.01,20.57,20.99,333700,20.877991
2015-08-11,21.200001,21.52,21.07,21.16,311900,21.047084
2015-08-10,21.030001,21.34,21.030001,21.34,340700,21.226124
2015-08-07,21.450001,21.450001,20.93,20.98,365700,20.868044
2015-08-06,21.57,21.67,21.25,21.52,381400,21.405164
2015-08-05,21.860001,22.049999,21.60,21.629999,663600,21.514575
2015-08-04,21.620001,21.77,21.469999,21.67,536300,21.554363
2015-08-03,21.370001,21.65,21.110001,21.58,474100,21.464843
2015-07-31,21.16,21.629999,21.16,21.33,715900,21.216177
2015-07-30,21.129999,21.549999,21.02,21.16,765100,21.047084
2015-07-29,19.83,22.129999,19.83,21.309999,1803100,21.196283
2015-07-28,19.40,20.129999,19.09,19.99,968600,19.883327
2015-07-27,19.379999,19.49,19.200001,19.27,258400,19.16717
2015-07-24,19.469999,19.66,19.32,19.459999,488400,19.356155
2015-07-23,19.950001,19.950001,19.459999,19.49,354200,19.385996
2015-07-22,20.00,20.27,19.559999,19.85,914400,19.744075
2015-07-21,19.66,20.139999,19.51,20.09,696600,19.982794
2015-07-20,19.790001,19.93,19.530001,19.620001,373300,19.515303
2015-07-17,19.73,19.940001,19.610001,19.719999,603600,19.614768
2015-07-16,19.66,20.00,19.50,19.799999,470900,19.694341
2015-07-15,20.139999,20.24,19.68,19.700001,539600,19.594876
2015-07-14,20.540001,20.540001,20.15,20.15,426100,20.042473
2015-07-13,20.58,20.690001,20.389999,20.49,639300,20.380659
2015-07-10,20.129999,20.50,20.129999,20.459999,582800,20.350819
2015-07-09,19.93,20.32,19.76,20.02,581100,19.913168
2015-07-08,19.75,19.870001,19.40,19.799999,675100,19.694341
2015-07-07,19.93,20.10,19.65,20.049999,456700,19.943007
2015-07-06,19.76,20.26,19.67,19.93,444600,19.823648
2015-07-02,20.299999,20.299999,20.00,20.07,407200,19.9629
2015-07-01,20.379999,20.51,20.110001,20.27,457500,20.161834
2015-06-30,20.01,20.309999,19.82,20.23,489400,20.122047
2015-06-29,20.059999,20.24,19.780001,19.889999,314700,19.783861
2015-06-26,20.23,20.35,20.049999,20.18,960000,20.072314
2015-06-25,20.33,20.52,20.129999,20.16,366300,20.05242
2015-06-24,20.73,20.799999,20.040001,20.27,578900,20.161834
2015-06-23,20.73,20.799999,20.60,20.77,311400,20.659166
2015-06-22,20.700001,20.889999,20.60,20.75,302500,20.639272
2015-06-19,20.65,20.83,20.49,20.559999,834300,20.450285
2015-06-18,20.469999,20.799999,20.290001,20.629999,272500,20.519912
2015-06-17,20.549999,20.65,20.18,20.43,705500,20.301087
2015-06-16,20.41,21.16,20.41,20.49,585100,20.360708
2015-06-15,20.870001,20.92,20.34,20.530001,864200,20.400457
2015-06-12,21.34,21.360001,20.68,20.98,934700,20.847616
2015-06-11,21.559999,21.67,21.27,21.370001,853600,21.235156
2015-06-10,21.459999,21.940001,21.389999,21.559999,926700,21.423956
2015-06-09,21.73,21.93,21.370001,21.43,418700,21.294777
2015-06-08,21.700001,21.98,21.60,21.799999,603800,21.662442
2015-06-05,21.49,21.92,21.360001,21.780001,754600,21.642569
2015-06-04,21.290001,21.559999,21.129999,21.459999,427800,21.324587
2015-06-03,20.809999,21.440001,20.66,21.34,440900,21.205345
2015-06-02,20.85,21.129999,20.709999,20.84,295000,20.7085
2015-06-01,21.35,21.440001,20.780001,20.940001,661900,20.807869
2015-05-29,21.42,21.84,20.83,21.25,1162000,21.115913
2015-05-28,21.40,21.639999,21.049999,21.549999,840300,21.414019
2015-05-27,20.530001,21.629999,20.51,21.370001,900800,21.235156
2015-05-26,20.76,20.90,20.459999,20.50,530800,20.370645
2015-05-22,21.040001,21.190001,20.719999,20.780001,257000,20.648879
2015-05-21,21.040001,21.139999,20.790001,21.049999,277700,20.917174
2015-05-20,21.219999,21.219999,20.90,21.01,306100,20.877427
2015-05-19,21.24,21.379999,21.110001,21.26,362700,21.12585
2015-05-18,20.83,21.26,20.83,21.209999,352100,21.076164
2015-05-15,21.00,21.049999,20.77,20.879999,292500,20.748247
2015-05-14,20.91,21.35,20.32,20.98,373000,20.847616
2015-05-13,21.09,21.459999,20.389999,20.85,565700,20.718437
2015-05-12,21.040001,21.290001,20.73,21.09,530200,20.956923
2015-05-11,21.10,21.370001,21.02,21.09,271100,20.956923
2015-05-08,21.16,21.43,21.10,21.110001,362400,20.976797
2015-05-07,20.709999,21.139999,20.610001,21.00,345100,20.86749
2015-05-06,20.620001,20.780001,20.42,20.690001,505100,20.559447
2015-05-05,20.969999,21.17,20.540001,20.629999,566300,20.499824
2015-05-04,21.120001,21.40,20.98,21.08,333900,20.946985
2015-05-01,20.98,21.32,20.98,21.16,494000,21.026481
2015-04-30,20.870001,21.030001,20.60,20.92,1118100,20.787995
2015-04-29,21.370001,21.370001,20.91,21.02,597200,20.887365
2015-04-28,21.15,21.50,21.040001,21.40,678700,21.264966
2015-04-27,21.799999,21.92,20.950001,21.16,996000,21.026481
2015-04-24,21.969999,21.969999,21.200001,21.74,1058300,21.602821
2015-04-23,21.719999,22.299999,21.09,22.040001,1294000,21.900929
2015-04-22,23.389999,23.469999,21.700001,22.549999,1441400,22.407709
2015-04-21,23.27,23.389999,23.040001,23.370001,402800,23.222536
2015-04-20,22.93,23.50,22.90,23.290001,555800,23.143041
2015-04-17,22.84,22.940001,22.68,22.90,344800,22.755501
2015-04-16,23.219999,23.469999,22.950001,22.950001,407300,22.805187
2015-04-15,23.15,23.379999,23.040001,23.26,464800,23.11323
2015-04-14,22.870001,23.16,22.610001,23.15,459300,23.003923
2015-04-13,22.940001,23.09,22.85,22.85,528300,22.705817
2015-04-10,22.68,23.049999,22.68,23.02,452200,22.874745
2015-04-09,22.459999,22.74,22.440001,22.57,556700,22.427583
2015-04-08,22.75,22.82,22.139999,22.43,1072700,22.288467
2015-04-07,22.940001,23.15,22.77,22.799999,335800,22.656132
2015-04-06,22.969999,23.190001,22.83,22.870001,336900,22.725691
2015-04-02,23.34,23.379999,22.85,23.00,829000,22.85487
2015-04-01,23.639999,23.799999,23.25,23.379999,489500,23.232472
2015-03-31,23.459999,23.889999,23.450001,23.76,394700,23.610075
2015-03-30,23.57,23.74,23.35,23.559999,494300,23.411336
2015-03-27,23.610001,23.73,23.309999,23.52,555200,23.37159
2015-03-26,23.889999,23.950001,23.389999,23.629999,504600,23.480894
2015-03-25,24.610001,24.610001,23.90,23.950001,608600,23.798877
2015-03-24,24.709999,24.83,24.379999,24.52,286200,24.36528
2015-03-23,25.10,25.10,24.639999,24.709999,306400,24.554079
2015-03-20,25.01,25.15,24.780001,25.059999,812200,24.901871
2015-03-19,24.790001,25.08,24.610001,24.85,244000,24.693197
2015-03-18,24.83,24.969999,24.459999,24.889999,328200,24.71307
2015-03-17,24.50,24.889999,24.379999,24.799999,638000,24.62371
2015-03-16,24.639999,24.82,24.389999,24.469999,457600,24.296056
2015-03-13,24.52,24.52,24.209999,24.469999,413200,24.296056
2015-03-12,24.68,24.799999,24.360001,24.49,543200,24.315914
2015-03-11,23.99,24.67,23.91,24.620001,528700,24.444991
2015-03-10,24.209999,24.450001,23.67,23.940001,531500,23.769824
2015-03-09,24.299999,24.58,24.25,24.389999,498800,24.216624
2015-03-06,24.15,24.91,24.049999,24.23,1203500,24.057762
2015-03-05,24.440001,24.50,24.15,24.26,3092300,24.087549
2015-03-04,24.299999,24.75,24.18,24.49,594500,24.315914
2015-03-03,24.68,24.84,24.35,24.50,521400,24.325843
2015-03-02,25.219999,25.530001,25.07,25.34,456400,25.159872
2015-02-27,25.50,25.540001,25.15,25.17,318200,24.99108
2015-02-26,25.299999,25.51,25.09,25.50,294800,25.318735
2015-02-25,25.540001,25.549999,25.23,25.299999,230200,25.120155
2015-02-24,25.299999,25.540001,25.299999,25.49,510500,25.308805
2015-02-23,25.42,25.50,25.290001,25.33,487600,25.149943
2015-02-20,25.57,25.57,25.27,25.49,563700,25.308805
2015-02-19,25.40,25.83,25.200001,25.51,638500,25.328664
2015-02-18,25.43,25.860001,25.43,25.84,490500,25.656318
2015-02-17,25.93,26.09,25.66,25.889999,268800,25.705962
2015-02-13,25.32,25.950001,25.25,25.879999,517600,25.696032
2015-02-12,25.219999,25.41,25.00,25.35,545100,25.169801
2015-02-11,25.25,25.469999,25.049999,25.200001,437400,25.020868
2015-02-10,25.23,25.40,25.040001,25.23,602700,25.050653
2015-02-09,24.690001,25.049999,24.24,25.030001,509100,24.852076
2015-02-06,24.610001,25.07,24.299999,24.889999,626500,24.71307
2015-02-05,24.389999,24.77,24.25,24.559999,614900,24.385416
2015-02-04,24.700001,24.870001,24.120001,24.370001,802500,24.196768
2015-02-03,25.59,26.10,24.32,24.950001,1422900,24.772645
2015-02-02,25.68,25.809999,25.360001,25.620001,542500,25.437882
2015-01-30,25.879999,26.129999,25.620001,25.690001,334300,25.507384
2015-01-29,26.77,27.049999,25.450001,26.15,722900,25.964114
2015-01-28,27.48,27.799999,26.68,26.77,645900,26.579707
2015-01-27,26.99,27.40,26.809999,27.290001,363900,27.096011
2015-01-26,26.85,27.290001,26.51,27.23,309000,27.036436
2015-01-23,26.68,26.91,26.48,26.860001,133500,26.669068
2015-01-22,26.360001,26.76,26.16,26.75,329600,26.559849
2015-01-21,26.540001,26.60,26.07,26.219999,399100,26.033616
2015-01-20,26.950001,27.08,26.370001,26.690001,358000,26.500276
2015-01-16,26.690001,26.84,26.370001,26.809999,478500,26.619422
2015-01-15,26.91,26.91,26.60,26.67,654000,26.480418
2015-01-14,26.41,26.950001,26.110001,26.76,490400,26.569778
2015-01-13,26.629999,27.059999,26.33,26.75,383400,26.559849
2015-01-12,26.299999,26.440001,26.00,26.290001,226800,26.10312
2015-01-09,26.67,26.67,26.16,26.18,310200,25.993901
2015-01-08,25.77,26.67,25.620001,26.60,497900,26.410916
2015-01-07,25.639999,25.780001,24.950001,25.459999,761600,25.279018
2015-01-06,26.10,26.10,25.219999,25.59,386200,25.408095
2015-01-05,26.889999,26.90,25.809999,25.959999,387000,25.775464
2015-01-02,27.129999,27.25,26.459999,26.969999,386500,26.778284
2014-12-31,27.059999,27.33,26.85,27.01,337300,26.818001
2014-12-30,26.780001,27.18,26.66,27.09,425900,26.897432
2014-12-29,27.68,27.959999,26.68,26.780001,504800,26.589636
2014-12-26,27.450001,27.93,27.389999,27.709999,200800,27.513024
2014-12-24,27.530001,27.60,27.15,27.469999,181100,27.27473
2014-12-23,27.07,27.530001,26.879999,27.450001,266200,27.254874
2014-12-22,26.68,27.02,26.52,26.950001,198200,26.758428
2014-12-19,26.549999,26.66,26.27,26.610001,1007000,26.420845
2014-12-18,26.629999,26.700001,26.209999,26.610001,257000,26.420845
2014-12-17,25.98,26.32,25.280001,26.25,519400,26.063403
2014-12-16,26.049999,26.35,25.82,25.98,343000,25.795322
2014-12-15,25.98,26.59,25.74,26.120001,517300,25.934328
2014-12-12,25.23,26.00,25.00,25.780001,270700,25.596745
2014-12-11,25.66,25.950001,25.52,25.58,271000,25.398166
2014-12-10,25.98,25.98,25.459999,25.50,390200,25.318735
2014-12-09,25.450001,26.00,25.01,25.99,552800,25.805251
2014-12-08,26.139999,26.200001,25.59,25.799999,247900,25.616601
2014-12-05,26.280001,26.540001,25.99,26.129999,281200,25.944255
2014-12-04,26.32,26.440001,25.969999,26.299999,334700,26.093189
2014-12-03,26.35,26.41,26.040001,26.290001,273100,26.083269
2014-12-02,26.08,26.40,26.08,26.26,255600,26.053504
2014-12-01,26.450001,26.52,25.93,25.940001,273600,25.736021
2014-11-28,26.48,26.82,26.35,26.530001,234100,26.321381
2014-11-26,26.27,26.530001,26.059999,26.26,283100,26.053504
2014-11-25,26.309999,27.85,26.00,26.27,244800,26.063426
2014-11-24,26.280001,26.639999,26.23,26.299999,434300,26.093189
2014-11-21,26.440001,26.49,26.09,26.280001,292700,26.073347
2014-11-20,25.440001,26.16,25.219999,26.129999,277000,25.924525
2014-11-19,25.60,25.73,25.200001,25.60,166200,25.398694
2014-11-18,25.68,25.940001,25.50,25.68,263800,25.478065
2014-11-17,25.309999,25.639999,25.10,25.559999,294900,25.359008
2014-11-14,25.549999,25.549999,25.18,25.299999,170100,25.101052
2014-11-13,25.50,25.74,25.299999,25.530001,408600,25.329245
2014-11-12,25.280001,25.709999,25.02,25.40,434800,25.200266
2014-11-11,25.360001,25.59,25.120001,25.459999,342300,25.259794
2014-11-10,25.040001,25.43,24.91,25.41,167100,25.210188
2014-11-07,25.049999,25.24,24.889999,25.059999,233700,24.86294
2014-11-06,24.52,25.030001,24.290001,25.030001,320800,24.833177
2014-11-05,24.90,24.950001,24.35,24.459999,323500,24.267657
2014-11-04,24.639999,25.17,24.50,24.73,455800,24.535535
2014-11-03,25.190001,25.25,24.530001,24.67,593200,24.476007
2014-10-31,25.66,25.68,25.040001,25.139999,508600,24.94231
2014-10-30,25.08,25.40,24.83,25.030001,360600,24.833177
2014-10-29,25.08,25.50,24.75,25.219999,409600,25.021681
2014-10-28,24.52,25.01,24.290001,24.969999,376400,24.773647
2014-10-27,23.91,24.780001,23.50,24.370001,573000,24.178367
2014-10-24,25.459999,25.75,23.889999,24.01,1112500,23.821197
2014-10-23,25.280001,25.57,25.23,25.32,227900,25.120895
2014-10-22,25.76,25.93,24.92,24.92,399300,24.724041
2014-10-21,24.809999,25.58,24.809999,25.530001,531000,25.329245
2014-10-20,23.959999,24.700001,23.959999,24.66,364000,24.466085
2014-10-17,24.290001,24.290001,23.67,24.16,486400,23.970017
2014-10-16,23.08,23.940001,23.08,23.870001,323200,23.682299
2014-10-15,22.690001,23.450001,22.450001,23.370001,339000,23.18623
2014-10-14,22.959999,23.389999,22.60,23.059999,520000,22.878667
2014-10-13,22.77,22.879999,22.299999,22.58,473900,22.402442
2014-10-10,22.549999,22.93,22.40,22.639999,366500,22.461969
2014-10-09,23.16,23.23,22.51,22.549999,278700,22.372677
2014-10-08,22.950001,23.26,22.639999,23.190001,522200,23.007645
2014-10-07,23.280001,23.48,22.950001,22.98,241500,22.799296
2014-10-06,23.90,24.01,23.450001,23.469999,216800,23.285442
2014-10-03,23.99,23.99,23.620001,23.77,426200,23.583085
2014-10-02,23.440001,23.809999,23.219999,23.73,237500,23.543398
2014-10-01,23.790001,24.110001,23.34,23.440001,319800,23.25568
2014-09-30,24.049999,24.139999,23.860001,23.959999,527500,23.771589
2014-09-29,23.780001,24.219999,23.58,24.09,665200,23.900568
2014-09-26,23.51,24.10,23.43,24.030001,407600,23.84104
2014-09-25,23.76,23.82,23.219999,23.48,504000,23.295364
2014-09-24,23.93,24.01,23.73,23.790001,286200,23.602928
2014-09-23,24.280001,24.42,23.889999,23.940001,308100,23.751748
2014-09-22,24.610001,24.610001,24.309999,24.42,286700,24.227973
2014-09-19,25.00,25.07,24.43,24.700001,1509100,24.505772
2014-09-18,24.43,24.91,24.43,24.85,214000,24.654592
2014-09-17,24.379999,24.60,24.18,24.360001,313200,24.168445
2014-09-16,24.059999,24.25,23.93,24.23,437300,24.039466
2014-09-15,24.530001,24.530001,24.09,24.10,540700,23.890648
2014-09-12,24.15,24.639999,24.08,24.57,468000,24.356564
2014-09-11,24.030001,24.24,23.65,24.07,456500,23.860907
2014-09-10,24.00,24.16,23.82,24.09,246100,23.880734
2014-09-09,24.190001,24.42,23.870001,23.940001,228300,23.732038
2014-09-08,23.950001,24.41,23.76,24.16,471100,23.950126
2014-09-05,23.889999,24.01,23.74,23.889999,257000,23.682471
2014-09-04,23.98,24.16,23.780001,23.83,163400,23.622993
2014-09-03,24.049999,24.209999,23.77,23.85,328800,23.642819
2014-09-02,23.559999,24.129999,23.48,24.01,305300,23.801429
2014-08-29,23.290001,23.620001,23.25,23.450001,187300,23.246294
2014-08-28,23.440001,23.73,23.16,23.27,208700,23.067858
2014-08-27,23.559999,23.610001,23.24,23.469999,160100,23.266119
2014-08-26,23.629999,23.780001,23.360001,23.48,206600,23.276033
2014-08-25,23.77,23.860001,23.49,23.60,148300,23.394991
2014-08-22,23.40,23.73,23.209999,23.58,180600,23.375164
2014-08-21,23.41,23.50,23.040001,23.469999,210300,23.266119
2014-08-20,23.790001,24.09,23.24,23.370001,358500,23.166989
2014-08-19,23.790001,24.01,23.74,23.870001,272700,23.662646
2014-08-18,23.16,23.76,23.139999,23.75,259900,23.543688
2014-08-15,23.49,23.59,22.790001,23.01,510500,22.810116
2014-08-14,23.18,23.33,23.040001,23.309999,220800,23.107509
2014-08-13,23.030001,23.35,23.030001,23.120001,639700,22.919161
2014-08-12,22.73,23.040001,22.440001,22.879999,310500,22.681244
2014-08-11,22.82,23.129999,22.52,22.77,254000,22.572201
2014-08-08,22.41,22.73,22.209999,22.690001,235900,22.492896
2014-08-07,22.200001,22.450001,22.200001,22.360001,237900,22.165763
2014-08-06,22.27,22.40,22.15,22.190001,259800,21.99724
2014-08-05,22.52,22.84,22.299999,22.35,388500,22.155849
2014-08-04,22.40,22.690001,22.15,22.66,344600,22.463156
2014-08-01,22.40,22.50,22.129999,22.33,419000,22.136023
2014-07-31,22.85,23.190001,22.450001,22.469999,428800,22.274806
2014-07-30,22.84,23.129999,22.719999,23.07,271700,22.869594
2014-07-29,22.90,23.17,22.700001,22.719999,343100,22.522634
2014-07-28,23.190001,23.200001,22.690001,22.92,618800,22.720898
2014-07-25,24.00,24.00,23.09,23.10,706700,22.899334
2014-07-24,23.530001,24.23,23.51,24.15,662100,23.940212
2014-07-23,23.40,24.200001,23.40,23.780001,891300,23.573428
2014-07-22,22.120001,23.43,21.940001,23.41,1068600,23.206641
2014-07-21,21.82,21.959999,21.540001,21.889999,366200,21.699844
2014-07-18,21.559999,22.07,21.48,21.959999,341600,21.769236
2014-07-17,21.780001,21.93,21.690001,21.76,435200,21.570975
2014-07-16,21.790001,22.049999,21.549999,22.00,351000,21.80889
2014-07-15,21.59,21.91,21.50,21.690001,420200,21.501583
2014-07-14,21.709999,21.73,21.52,21.66,319500,21.471843
2014-07-11,21.75,21.92,21.43,21.52,385600,21.33306
2014-07-10,21.57,22.049999,21.51,21.799999,595500,21.610626
2014-07-09,21.629999,22.01,21.34,21.940001,459400,21.749411
2014-07-08,21.48,21.690001,21.309999,21.50,635600,21.313233
2014-07-07,21.469999,21.780001,21.10,21.549999,514000,21.362798
2014-07-03,21.43,21.639999,21.299999,21.57,93400,21.382625
2014-07-02,21.48,21.709999,21.16,21.309999,223400,21.124883
2014-07-01,21.459999,21.84,21.459999,21.52,297700,21.33306
2014-06-30,21.00,21.43,20.98,21.34,361500,21.154623
2014-06-27,20.860001,21.299999,20.790001,21.030001,1730200,20.847316
2014-06-26,21.049999,21.08,20.790001,20.93,313100,20.748185
2014-06-25,21.07,21.16,20.83,21.07,365800,20.886968
2014-06-24,21.559999,21.809999,21.129999,21.18,389700,20.996013
2014-06-23,21.879999,21.940001,21.57,21.629999,167900,21.442103
2014-06-20,21.969999,22.040001,21.51,21.879999,820800,21.689931
2014-06-19,22.01,22.01,21.700001,21.860001,184800,21.670106
2014-06-18,21.40,22.09,21.40,21.959999,408400,21.769236
2014-06-17,21.950001,22.15,21.450001,21.469999,386000,21.263666
2014-06-16,21.809999,22.07,21.73,22.01,354600,21.798478
2014-06-13,21.639999,21.950001,21.440001,21.870001,290800,21.659824
2014-06-12,21.74,21.83,21.440001,21.549999,316900,21.342897
2014-06-11,21.90,21.90,21.65,21.82,186600,21.610303
2014-06-10,22.030001,22.10,21.780001,22.059999,209300,21.847996
2014-06-09,21.870001,22.33,21.82,22.08,260700,21.867805
2014-06-06,21.780001,22.01,21.41,21.92,227900,21.709342
2014-06-05,21.190001,21.700001,20.98,21.700001,384000,21.491457
2014-06-04,20.98,21.23,20.91,21.08,355100,20.877415
2014-06-03,21.370001,21.58,20.959999,21.02,433700,20.817992
2014-06-02,21.639999,21.68,21.40,21.49,383700,21.283475
2014-05-30,22.00,22.129999,21.58,21.629999,272300,21.422128
2014-05-29,21.950001,22.110001,21.59,21.959999,360100,21.748957
2014-05-28,21.49,21.83,21.440001,21.74,368500,21.531072
2014-05-27,21.27,21.57,21.129999,21.540001,372800,21.332995
2014-05-23,21.00,21.18,20.90,21.10,355100,20.897223
2014-05-22,20.33,21.00,20.33,20.959999,368200,20.758567
2014-05-21,20.639999,20.74,20.290001,20.299999,450900,20.10491
2014-05-20,20.73,20.85,20.309999,20.57,354100,20.372316
2014-05-19,20.32,20.870001,20.219999,20.82,320000,20.619913
2014-05-16,20.16,20.57,19.99,20.379999,318300,20.184141
2014-05-15,20.59,20.610001,19.959999,20.200001,676100,20.005873
2014-05-14,21.049999,21.10,20.59,20.700001,326500,20.501068
2014-05-13,21.450001,21.49,21.139999,21.15,391800,20.946742
2014-05-12,20.65,21.559999,20.459999,21.43,449400,21.224052
2014-05-09,20.65,20.74,20.43,20.639999,529700,20.441643
2014-05-08,20.92,21.290001,20.709999,20.74,237800,20.540682
2014-05-07,21.09,21.309999,20.74,20.969999,435700,20.768471
2014-05-06,21.43,21.620001,21.07,21.110001,326400,20.907127
2014-05-05,21.43,21.68,21.059999,21.51,275200,21.303283
2014-05-02,21.530001,21.82,21.209999,21.540001,592600,21.332995
2014-05-01,21.690001,21.799999,21.25,21.48,511700,21.27357
2014-04-30,21.65,21.799999,21.459999,21.76,679500,21.55088
2014-04-29,21.93,21.98,21.530001,21.719999,285800,21.511264
2014-04-28,22.10,22.40,21.58,21.77,434100,21.560784
2014-04-25,22.219999,22.24,21.84,22.09,478000,21.877709
2014-04-24,22.77,22.77,21.809999,22.33,917300,22.115402
2014-04-23,23.190001,23.26,22.459999,22.700001,1208200,22.481847
2014-04-22,23.16,23.530001,22.98,23.17,713800,22.94733
2014-04-21,22.700001,23.200001,22.43,23.15,456000,22.927521
2014-04-17,22.17,22.77,22.15,22.58,411200,22.362999
2014-04-16,22.030001,22.26,21.90,22.200001,377100,21.986652
2014-04-15,21.790001,22.049999,21.43,22.00,502000,21.788574
2014-04-14,21.85,22.030001,21.41,21.67,432800,21.461745
2014-04-11,21.959999,22.129999,21.49,21.629999,621800,21.422128
2014-04-10,22.17,22.32,21.700001,22.00,429900,21.788574
2014-04-09,21.73,22.23,21.50,22.209999,481100,21.996554
2014-04-08,21.959999,22.190001,21.540001,21.66,909500,21.451841
2014-04-07,22.42,22.450001,21.82,22.02,739100,21.808382
2014-04-04,22.969999,23.02,22.23,22.459999,478300,22.244152
2014-04-03,22.99,23.10,22.65,22.82,323100,22.600693
2014-04-02,22.889999,23.23,22.83,23.049999,384400,22.828482
2014-04-01,22.73,22.809999,22.469999,22.790001,578500,22.570982
2014-03-31,22.57,23.049999,22.309999,22.690001,931900,22.471943
2014-03-28,21.440001,21.67,21.27,21.67,446700,21.461745
2014-03-27,21.73,21.90,21.450001,21.459999,619900,21.253762
2014-03-26,22.32,22.34,21.76,21.790001,519000,21.580593
2014-03-25,22.42,22.559999,22.08,22.27,445000,22.055979
2014-03-24,22.469999,22.639999,22.139999,22.34,292800,22.125306
2014-03-21,22.16,22.57,22.08,22.40,689600,22.184729
2014-03-20,21.99,22.18,21.879999,22.110001,320300,21.897517
2014-03-19,22.15,22.190001,21.93,22.08,328400,21.867805
2014-03-18,22.26,22.42,22.16,22.24,394800,22.00646
2014-03-17,22.040001,22.309999,22.00,22.16,750100,21.9273
2014-03-14,21.799999,22.08,21.59,21.969999,380100,21.739294
2014-03-13,22.120001,22.33,21.67,21.92,635400,21.68982
2014-03-12,22.00,22.41,21.77,22.120001,476100,21.887721
2014-03-11,22.120001,22.42,21.959999,22.07,942000,21.838245
2014-03-10,21.879999,22.139999,21.77,22.049999,673500,21.818454
2014-03-07,21.49,21.959999,21.41,21.85,901000,21.620556
2014-03-06,20.99,21.389999,20.84,21.360001,477900,21.135701
2014-03-05,20.879999,21.08,20.790001,20.93,288200,20.710216
2014-03-04,20.690001,20.99,20.68,20.870001,491200,20.650847
2014-03-03,20.17,20.450001,20.02,20.43,550700,20.215467
2014-02-28,20.469999,20.65,20.27,20.379999,645600,20.165991
2014-02-27,20.27,20.49,20.139999,20.42,411500,20.205572
2014-02-26,20.32,20.559999,20.209999,20.33,512300,20.116516
2014-02-25,20.68,20.76,20.299999,20.360001,573000,20.146202
2014-02-24,20.25,20.67,20.24,20.60,663600,20.383682
2014-02-21,20.129999,20.290001,20.059999,20.190001,559200,19.977987
2014-02-20,19.93,20.219999,19.73,20.09,329900,19.879037
2014-02-19,20.040001,20.129999,19.790001,19.870001,417100,19.661348
2014-02-18,20.290001,20.469999,19.98,20.049999,410900,19.839456
2014-02-14,20.219999,20.469999,20.059999,20.469999,336300,20.255046
2014-02-13,20.129999,20.26,19.82,20.17,605600,19.958197
2014-02-12,20.35,20.379999,19.76,20.25,1067500,20.037357
2014-02-11,20.25,20.49,20.18,20.40,349500,20.185781
2014-02-10,20.26,20.26,19.99,20.120001,436100,19.908723
2014-02-07,20.379999,20.469999,20.190001,20.35,356600,20.136307
2014-02-06,20.389999,20.52,20.120001,20.32,618100,20.106621
2014-02-05,19.969999,20.700001,19.969999,20.40,692600,20.185781
2014-02-04,20.34,20.40,20.02,20.309999,413000,20.096726
2014-02-03,21.049999,21.23,20.17,20.209999,589800,19.997776
2014-01-31,21.00,21.620001,21.00,21.059999,547100,20.83885
2014-01-30,20.93,21.51,20.84,21.32,772100,21.09612
2014-01-29,20.280001,20.809999,20.25,20.74,743200,20.522211
2014-01-28,20.120001,20.549999,20.07,20.379999,382800,20.165991
2014-01-27,20.66,20.690001,20.00,20.139999,436800,19.928511
2014-01-24,21.209999,21.32,20.42,20.549999,416600,20.334206
2014-01-23,21.549999,21.549999,21.040001,21.40,407800,21.17528
2014-01-22,21.129999,21.60,21.120001,21.57,473500,21.343495
2014-01-21,21.00,21.25,20.860001,21.17,398700,20.947696
2014-01-17,20.690001,20.860001,20.610001,20.790001,287800,20.571687
2014-01-16,20.73,20.93,20.59,20.790001,235400,20.571687
2014-01-15,20.73,20.879999,20.60,20.809999,318900,20.591476
2014-01-14,20.42,20.74,20.389999,20.60,490000,20.383682
2014-01-13,20.959999,21.120001,20.25,20.379999,469800,20.165991
2014-01-10,20.41,21.01,20.389999,20.879999,723100,20.66074
2014-01-09,20.10,20.379999,19.99,20.309999,753700,20.096726
2014-01-08,19.83,20.440001,19.68,20.059999,1442000,19.849351
2014-01-07,19.73,19.98,19.73,19.870001,636100,19.661348
2014-01-06,19.76,19.76,19.41,19.68,462400,19.473342
2014-01-03,19.59,19.879999,19.51,19.620001,264600,19.413973
2014-01-02,19.629999,20.09,19.469999,19.60,648500,19.394183
2013-12-31,19.530001,19.74,19.35,19.620001,411000,19.413973
2013-12-30,19.50,19.65,19.440001,19.559999,390700,19.354602
2013-12-27,19.32,19.49,19.309999,19.48,214900,19.275442
2013-12-26,19.65,19.65,19.280001,19.35,662100,19.146808
2013-12-24,19.10,19.709999,19.01,19.549999,415800,19.344706
2013-12-23,19.35,19.58,18.889999,19.540001,1194400,19.334813
2013-12-20,18.57,18.82,18.43,18.790001,1008900,18.592689
2013-12-19,18.26,18.540001,18.190001,18.48,579100,18.285943
2013-12-18,18.110001,18.33,17.90,18.309999,308600,18.117728
2013-12-17,18.120001,18.299999,17.860001,18.129999,238100,17.939618
2013-12-16,17.950001,18.219999,17.950001,18.129999,296800,17.939618
2013-12-13,17.809999,17.969999,17.75,17.889999,369400,17.702138
2013-12-12,17.809999,18.040001,17.74,17.76,405000,17.573504
2013-12-11,18.129999,18.190001,17.719999,17.790001,426600,17.60319
2013-12-10,18.190001,18.23,17.950001,18.120001,420200,17.929724
2013-12-09,18.450001,18.48,18.129999,18.23,401700,18.038568
2013-12-06,18.459999,18.49,18.23,18.389999,493000,18.196888
2013-12-05,18.27,18.41,18.23,18.32,400100,18.107832
2013-12-04,18.00,18.41,18.00,18.290001,855500,18.078181
2013-12-03,18.110001,18.18,18.00,18.09,421700,17.880497
2013-12-02,18.35,18.469999,18.18,18.18,459100,17.969454
2013-11-29,18.51,18.639999,18.33,18.33,188800,18.117717
2013-11-27,18.02,18.48,18.02,18.43,472300,18.216559
2013-11-26,18.00,18.08,17.969999,18.030001,586400,17.821192
2013-11-25,17.91,18.049999,17.77,17.959999,710400,17.752001
2013-11-22,17.51,17.610001,17.360001,17.559999,436000,17.356634
2013-11-21,17.43,17.58,17.34,17.42,510100,17.218256
2013-11-20,17.91,17.91,17.33,17.42,486500,17.218256
2013-11-19,17.719999,17.83,17.440001,17.52,530600,17.317098
2013-11-18,17.940001,18.08,17.610001,17.76,669500,17.554318
2013-11-15,17.66,18.27,17.620001,17.93,1166400,17.72235
2013-11-14,17.57,17.780001,17.40,17.67,618600,17.465361
2013-11-13,17.57,17.629999,17.219999,17.51,1307100,17.307214
2013-11-12,17.48,18.139999,16.030001,17.280001,3747900,17.079878
2013-11-11,14.30,14.35,14.19,14.32,245000,14.154157
2013-11-08,14.24,14.33,14.19,14.28,248600,14.11462
2013-11-07,14.36,14.41,14.18,14.21,201600,14.045431
2013-11-06,14.48,14.62,14.25,14.33,298200,14.164042
2013-11-05,14.38,14.42,14.23,14.39,332000,14.223347
2013-11-04,14.37,14.47,14.30,14.40,352400,14.233231
2013-11-01,14.37,14.47,14.23,14.30,483200,14.134389
2013-10-31,14.46,14.47,14.24,14.36,276000,14.193694
2013-10-30,14.57,14.65,14.40,14.45,314900,14.282652
2013-10-29,14.55,14.56,14.46,14.51,166000,14.341957
2013-10-28,14.47,14.55,14.36,14.49,293700,14.322188
2013-10-25,14.54,14.54,14.40,14.43,233000,14.262884
2013-10-24,14.49,14.50,14.33,14.48,448900,14.312304
2013-10-23,14.43,14.67,14.40,14.44,430800,14.272767
2013-10-22,14.58,14.64,14.40,14.45,337000,14.282652
2013-10-21,14.57,14.58,14.39,14.52,432600,14.351842
2013-10-18,14.52,14.69,14.29,14.54,623800,14.37161
2013-10-17,14.17,14.43,14.07,14.41,459400,14.243115
2013-10-16,14.17,14.35,14.16,14.21,285400,14.045431
2013-10-15,14.12,14.24,14.04,14.13,223500,13.966358
2013-10-14,14.12,14.23,13.96,14.17,283700,14.005895
2013-10-11,13.89,14.13,13.84,14.12,309700,13.956474
2013-10-10,13.92,14.34,13.81,13.89,365000,13.729138
2013-10-09,13.85,13.91,13.74,13.79,419200,13.630295
2013-10-08,14.00,14.00,13.82,13.84,687400,13.679717
2013-10-07,14.03,14.07,13.90,13.99,194800,13.827979
2013-10-04,13.98,14.17,13.96,14.14,181400,13.976242
2013-10-03,14.11,14.14,13.94,14.01,187800,13.847748
2013-10-02,14.28,14.28,14.06,14.13,251800,13.966358
2013-10-01,14.22,14.38,14.22,14.33,238700,14.164042
2013-09-30,14.06,14.22,14.03,14.19,500100,14.025663
2013-09-27,14.08,14.24,14.01,14.10,336800,13.936706
2013-09-26,14.09,14.31,14.01,14.10,433000,13.936706
2013-09-25,14.00,14.08,13.87,13.96,477500,13.798327
2013-09-24,14.02,14.11,13.96,13.98,255400,13.818095
2013-09-23,13.94,14.06,13.88,14.01,296000,13.847748
2013-09-20,14.00,14.03,13.91,13.95,769400,13.788442
2013-09-19,14.00,14.03,13.94,13.95,237800,13.788442
2013-09-18,13.95,14.01,13.85,14.00,313800,13.837863
2013-09-17,14.09,14.13,13.80,14.01,799200,13.827979
2013-09-16,14.42,14.60,14.12,14.16,583700,13.97603
2013-09-13,14.36,14.41,14.21,14.32,278800,14.133951
2013-09-12,14.34,14.35,14.18,14.25,161100,14.064861
2013-09-11,14.36,14.47,14.32,14.35,190100,14.163562
2013-09-10,14.29,14.43,14.22,14.40,314100,14.212912
2013-09-09,14.10,14.31,14.10,14.19,328600,14.00564
2013-09-06,14.20,14.20,13.91,14.09,391900,13.90694
2013-09-05,14.07,14.16,13.95,14.15,415600,13.96616
2013-09-04,13.94,14.07,13.94,14.02,412300,13.83785
2013-09-03,14.06,14.17,13.88,13.91,313600,13.729278
2013-08-30,14.02,14.07,13.87,13.92,399100,13.739149
2013-08-29,14.07,14.17,14.00,14.03,530500,13.847719
2013-08-28,14.20,14.35,14.09,14.10,359600,13.91681
2013-08-27,14.27,14.40,14.19,14.24,569800,14.054991
2013-08-26,14.53,14.60,14.38,14.43,181700,14.242523
2013-08-23,14.55,14.61,14.43,14.47,228800,14.282003
2013-08-22,14.31,14.61,14.31,14.55,167100,14.360964
2013-08-21,14.31,14.36,14.16,14.27,151700,14.084602
2013-08-20,14.25,14.42,14.19,14.38,92000,14.193172
2013-08-19,14.16,14.28,14.16,14.24,190600,14.054991
2013-08-16,14.16,14.24,14.11,14.19,245000,14.00564
2013-08-15,14.27,14.27,14.08,14.15,195400,13.96616
2013-08-14,14.46,14.66,14.16,14.37,519000,14.183302
2013-08-13,14.58,14.66,14.38,14.45,370300,14.262262
2013-08-12,14.39,14.57,14.35,14.56,106300,14.370834
2013-08-09,14.51,14.59,14.39,14.45,208000,14.262262
2013-08-08,14.49,14.64,14.45,14.57,159500,14.380703
2013-08-07,14.43,14.44,14.24,14.42,217300,14.232653
2013-08-06,14.61,14.66,14.37,14.43,215300,14.242523
2013-08-05,14.70,14.75,14.60,14.64,315800,14.449794
2013-08-02,14.96,14.96,14.67,14.73,359600,14.538624
2013-08-01,14.77,15.09,14.77,15.05,442600,14.854468
2013-07-31,14.68,14.82,14.67,14.72,563600,14.528755
2013-07-30,14.67,14.75,14.51,14.67,233100,14.479404
2013-07-29,14.69,14.79,14.55,14.64,247100,14.449794
2013-07-26,14.65,14.83,14.65,14.75,137100,14.558365
2013-07-25,14.60,14.82,14.52,14.74,407000,14.548495
2013-07-24,14.75,14.88,14.56,14.58,278000,14.390574
2013-07-23,14.84,14.89,14.68,14.69,525500,14.499144
2013-07-22,14.68,14.97,14.68,14.76,360200,14.568235
2013-07-19,14.72,14.99,14.69,14.80,294900,14.607716
2013-07-18,14.68,14.86,14.67,14.78,160300,14.587975
2013-07-17,14.71,14.80,14.60,14.69,386000,14.499144
2013-07-16,14.69,14.74,14.57,14.67,266300,14.479404
2013-07-15,14.51,14.72,14.47,14.69,276100,14.499144
2013-07-12,14.64,14.66,14.50,14.53,222300,14.341223
2013-07-11,14.52,14.76,14.50,14.72,248000,14.528755
2013-07-10,14.37,14.56,14.31,14.46,269400,14.272133
2013-07-09,14.35,14.58,14.26,14.50,233000,14.311613
2013-07-08,14.32,14.35,14.24,14.30,265800,14.114212
2013-07-05,14.17,14.29,13.99,14.29,199400,14.104341
2013-07-03,13.94,14.04,13.86,14.00,155300,13.818109
2013-07-02,14.14,14.28,13.94,14.04,306900,13.857589
2013-07-01,14.02,14.19,13.91,14.17,340200,13.985901
2013-06-28,13.87,13.99,13.82,13.88,822900,13.699668
2013-06-27,13.87,13.92,13.76,13.87,250300,13.689798
2013-06-26,13.85,13.86,13.74,13.81,364500,13.630578
2013-06-25,13.93,13.94,13.73,13.80,299300,13.620708
2013-06-24,13.80,13.91,13.63,13.86,636100,13.679928
2013-06-21,13.90,14.00,13.69,13.87,715300,13.689798
2013-06-20,13.83,14.12,13.70,13.78,324900,13.600967
2013-06-19,13.99,14.17,13.97,14.00,449300,13.818109
2013-06-18,13.85,14.12,13.75,13.97,469400,13.788499
2013-06-17,13.91,13.97,13.71,13.90,460900,13.699668
2013-06-14,14.00,14.07,13.78,13.83,192700,13.630677
2013-06-13,13.86,14.06,13.80,14.04,199100,13.837651
2013-06-12,14.00,14.06,13.81,13.89,229800,13.689813
2013-06-11,14.00,14.17,13.83,13.97,210600,13.76866
2013-06-10,14.15,14.17,14.02,14.08,221000,13.877074
2013-06-07,13.99,14.16,13.95,14.14,321700,13.93621
2013-06-06,13.89,14.00,13.77,13.95,239800,13.748948
2013-06-05,14.16,14.24,13.90,13.93,258900,13.729236
2013-06-04,14.30,14.42,14.04,14.17,198400,13.965777
2013-06-03,14.39,14.45,14.02,14.31,604800,14.10376
2013-05-31,14.33,14.49,14.28,14.35,437700,14.143183
2013-05-30,14.20,14.50,14.20,14.36,344800,14.153038
2013-05-29,14.27,14.27,14.10,14.21,229700,14.005201
2013-05-28,14.42,14.54,14.27,14.32,245000,14.113615
2013-05-24,14.28,14.31,14.14,14.28,125500,14.074191
2013-05-23,14.19,14.36,14.12,14.32,247500,14.113615
2013-05-22,14.47,14.58,14.24,14.31,280600,14.10376
2013-05-21,14.45,14.54,14.35,14.45,443900,14.241741
2013-05-20,14.30,14.48,14.26,14.42,247100,14.212174
2013-05-17,14.22,14.35,14.14,14.35,314200,14.143183
2013-05-16,14.30,14.38,14.11,14.18,216700,13.975633
2013-05-15,14.08,14.37,14.02,14.36,238800,14.153038
2013-05-14,13.84,14.06,13.84,14.06,188900,13.857363
2013-05-13,14.00,14.00,13.81,13.87,237000,13.670101
2013-05-10,14.01,14.05,13.91,14.00,223000,13.798227
2013-05-09,14.07,14.09,13.85,13.97,265000,13.76866
2013-05-08,13.94,14.09,13.86,14.08,328700,13.877074
2013-05-07,13.87,14.02,13.87,14.01,352200,13.808083
2013-05-06,13.75,14.00,13.73,13.88,324500,13.679957
2013-05-03,13.54,13.91,13.35,13.78,492600,13.581398
2013-05-02,13.32,13.53,13.30,13.38,746200,13.187163
2013-05-01,13.54,13.59,13.31,13.31,708200,13.118172
2013-04-30,13.46,13.60,13.45,13.57,385400,13.374424
2013-04-29,13.43,13.54,13.40,13.50,435300,13.305433
2013-04-26,13.40,13.44,13.31,13.38,442600,13.187163
2013-04-25,13.38,13.52,13.37,13.45,317500,13.256154
2013-04-24,13.37,13.42,13.31,13.35,360800,13.157596
2013-04-23,13.35,13.39,13.27,13.33,763200,13.137883
2013-04-22,13.15,13.31,13.01,13.24,1256500,13.04918
2013-04-19,13.08,13.15,13.01,13.07,723000,12.88163
2013-04-18,13.19,13.30,13.08,13.08,497800,12.891486
2013-04-17,13.36,13.39,13.05,13.14,462400,12.950622
2013-04-16,13.13,13.45,13.05,13.40,585000,13.206874
2013-04-15,13.69,13.70,13.08,13.11,552000,12.921054
2013-04-12,13.24,13.40,13.22,13.37,347000,13.177307
2013-04-11,13.48,13.48,13.31,13.40,495200,13.206874
2013-04-10,13.29,13.49,13.22,13.46,468000,13.26601
2013-04-09,13.36,13.51,13.16,13.20,290600,13.009757
2013-04-08,13.36,13.40,13.20,13.34,222100,13.147739
2013-04-05,13.06,13.41,12.99,13.37,478500,13.177307
2013-04-04,13.02,13.26,12.99,13.16,1291000,12.970333
2013-04-03,13.08,13.16,12.99,13.03,532700,12.842207
2013-04-02,13.33,13.36,13.04,13.06,746400,12.871775
2013-04-01,13.30,13.45,13.03,13.19,452200,12.999901
2013-03-28,13.46,13.50,13.26,13.34,817000,13.147739
2013-03-27,13.44,13.48,13.05,13.42,1564500,13.226586
2013-03-26,13.70,13.80,13.47,13.50,375800,13.305433
2013-03-25,13.87,13.96,13.54,13.69,212400,13.492695
2013-03-22,13.75,13.94,13.75,13.83,197000,13.630677
2013-03-21,13.93,14.00,13.65,13.75,199400,13.55183
2013-03-20,13.99,14.10,13.85,14.02,250800,13.817939
2013-03-19,14.11,14.21,13.91,14.03,172200,13.808082
2013-03-18,13.95,14.17,13.77,14.10,338000,13.876976
2013-03-15,14.10,14.17,13.99,14.09,371200,13.867134
2013-03-14,14.04,14.15,13.95,14.12,228600,13.896659
2013-03-13,13.65,14.04,13.65,14.01,340600,13.788399
2013-03-12,13.68,13.71,13.52,13.64,271400,13.424252
2013-03-11,13.70,13.74,13.60,13.66,265400,13.443935
2013-03-08,13.69,13.79,13.64,13.72,341400,13.502986
2013-03-07,13.67,13.72,13.57,13.60,239400,13.384884
2013-03-06,13.81,13.86,13.64,13.69,239600,13.47346
2013-03-05,13.63,13.86,13.63,13.76,328200,13.542354
2013-03-04,13.54,13.62,13.42,13.55,314700,13.335675
2013-03-01,13.48,13.64,13.38,13.58,297300,13.3652
2013-02-28,13.46,13.71,13.42,13.57,321600,13.355358
2013-02-27,13.33,13.53,13.26,13.45,586800,13.237257
2013-02-26,13.43,13.47,13.30,13.33,344300,13.119155
2013-02-25,13.71,13.74,13.38,13.38,310600,13.168364
2013-02-22,13.56,13.73,13.52,13.66,237800,13.443935
2013-02-21,13.70,13.78,13.44,13.50,397400,13.286466
2013-02-20,13.90,14.00,13.68,13.69,314500,13.47346
2013-02-19,13.87,13.93,13.81,13.86,440200,13.640771
2013-02-15,14.01,14.09,13.82,13.84,264300,13.621088
2013-02-14,13.83,14.00,13.83,13.93,146300,13.709665
2013-02-13,13.88,14.00,13.85,13.88,294200,13.660455
2013-02-12,13.96,14.01,13.81,13.87,248100,13.650613
2013-02-11,14.17,14.18,13.85,13.91,449000,13.689981
2013-02-08,13.76,13.93,13.74,13.89,204100,13.670297
2013-02-07,13.78,13.85,13.60,13.76,364600,13.542354
2013-02-06,13.74,13.82,13.68,13.75,201400,13.532512
2013-02-05,13.73,13.82,13.68,13.77,389800,13.552196
2013-02-04,13.77,13.80,13.65,13.70,294500,13.483302
2013-02-01,13.86,13.92,13.73,13.79,417400,13.571879
2013-01-31,13.69,13.85,13.65,13.83,468500,13.611246
2013-01-30,13.81,13.87,13.67,13.74,355700,13.522669
2013-01-29,13.88,13.92,13.74,13.86,430600,13.640771
2013-01-28,13.97,13.99,13.84,13.91,444400,13.689981
2013-01-25,14.17,14.19,13.85,13.91,531900,13.689981
2013-01-24,13.42,14.12,13.31,14.11,1306400,13.886817
2013-01-23,13.56,13.56,13.32,13.37,592200,13.158522
2013-01-22,13.46,13.55,13.22,13.55,404600,13.335675
2013-01-18,13.45,13.52,13.25,13.49,301800,13.276624
2013-01-17,13.35,13.49,13.32,13.46,387800,13.247099
2013-01-16,13.25,13.38,13.14,13.33,284100,13.119155
2013-01-15,13.03,13.27,13.03,13.24,316600,13.030578
2013-01-14,13.13,13.19,12.98,13.09,723600,12.882951
2013-01-11,13.29,13.29,13.00,13.19,306500,12.981369
2013-01-10,13.30,13.30,13.19,13.26,311300,13.050262
2013-01-09,13.28,13.33,13.18,13.22,247700,13.010895
2013-01-08,13.17,13.28,13.14,13.23,268300,13.020736
2013-01-07,13.09,13.27,13.04,13.22,484300,13.010895
2013-01-04,13.38,13.52,13.28,13.43,244000,13.217573
2013-01-03,13.29,13.44,13.25,13.32,264100,13.109313
2013-01-02,13.22,13.43,13.15,13.31,477300,13.099472
2012-12-31,12.91,13.08,12.89,13.07,372200,12.863267
2012-12-28,13.02,13.07,12.88,12.89,286600,12.686115
2012-12-27,13.04,13.05,12.96,13.04,269500,12.833742
2012-12-26,13.06,13.06,12.97,13.01,179200,12.804217
2012-12-24,12.98,13.04,12.75,13.01,172200,12.804217
2012-12-21,12.88,13.06,12.76,13.00,798700,12.794375
2012-12-20,12.98,13.09,12.92,12.99,449800,12.784532
2012-12-19,12.79,13.00,12.72,12.99,528400,12.784532
2012-12-18,12.60,12.81,12.54,12.80,256700,12.597538
2012-12-17,12.62,12.69,12.56,12.60,302400,12.400702
2012-12-14,12.46,12.60,12.43,12.57,621800,12.371176
2012-12-13,12.62,12.72,12.46,12.52,278500,12.321967
2012-12-12,12.92,12.92,12.59,12.62,594400,12.420385
2012-12-11,13.00,13.08,12.81,12.86,611200,12.656589
2012-12-10,12.84,12.93,12.72,12.90,485300,12.695956
2012-12-07,12.83,12.93,12.67,12.80,489600,12.597538
2012-12-06,12.86,12.96,12.74,12.76,332700,12.558171
2012-12-05,12.73,12.94,12.68,12.83,457900,12.627063
2012-12-04,13.71,13.86,13.63,13.69,453300,12.469594
2012-12-03,13.77,13.93,13.61,13.67,441700,12.451377
2012-11-30,13.89,13.89,13.62,13.73,495900,12.506028
2012-11-29,13.86,13.96,13.70,13.83,301400,12.597114
2012-11-28,13.91,13.94,13.67,13.77,466500,12.542463
2012-11-27,13.81,13.96,13.74,13.91,559300,12.669982
2012-11-26,13.68,13.84,13.65,13.84,201400,12.606223
2012-11-23,13.68,13.74,13.55,13.70,125300,12.478703
2012-11-21,13.54,14.36,13.25,13.63,175200,12.414943
2012-11-20,13.64,13.71,13.48,13.53,276200,12.323857
2012-11-19,13.67,13.74,13.58,13.69,368700,12.469594
2012-11-16,13.50,13.65,13.25,13.60,645600,12.387618
2012-11-15,13.44,13.58,13.38,13.55,396000,12.342075
2012-11-14,13.66,13.66,13.43,13.45,348500,12.250989
2012-11-13,13.70,13.76,13.54,13.59,235800,12.378509
2012-11-12,13.53,13.77,13.53,13.74,176400,12.515137
2012-11-09,13.38,13.57,13.38,13.53,316200,12.323857
2012-11-08,13.69,13.76,13.32,13.46,561400,12.260098
2012-11-07,13.84,13.93,13.56,13.74,400800,12.515137
2012-11-06,13.81,13.97,13.65,13.95,459800,12.706416
2012-11-05,13.71,13.87,13.56,13.81,194800,12.578897
2012-11-02,13.91,14.00,13.69,13.73,375800,12.506028
2012-11-01,13.88,14.00,13.75,13.87,422700,12.633548
2012-10-31,13.58,13.96,13.51,13.95,663900,12.706416
2012-10-26,13.55,13.62,13.48,13.53,320900,12.323857
2012-10-25,13.52,13.56,13.42,13.54,138300,12.332966
2012-10-24,13.63,13.63,13.39,13.47,309200,12.269207
2012-10-23,13.31,13.55,13.17,13.55,496800,12.342075
2012-10-22,13.43,13.55,13.36,13.44,295900,12.24188
2012-10-19,13.57,13.58,13.38,13.46,448700,12.260098
2012-10-18,13.94,13.94,13.63,13.67,558700,12.451377
2012-10-17,13.92,13.95,13.74,13.91,328200,12.669982
2012-10-16,13.63,14.01,13.63,13.86,752400,12.624439
2012-10-15,13.35,13.68,13.31,13.59,424100,12.378509
2012-10-12,13.55,13.70,13.20,13.36,1459000,12.169012
2012-10-11,13.46,13.71,13.46,13.57,221700,12.360291
2012-10-10,13.37,13.55,13.31,13.43,338700,12.232772
2012-10-09,13.55,13.59,13.25,13.34,334000,12.150795
2012-10-08,13.51,13.64,13.49,13.58,130800,12.3694
2012-10-05,13.52,13.71,13.52,13.55,180800,12.342075
2012-10-04,13.36,13.52,13.23,13.52,221100,12.314749
2012-10-03,13.23,13.47,13.21,13.30,296300,12.114361
2012-10-02,13.42,13.45,13.14,13.24,282500,12.05971
2012-10-01,13.39,13.49,13.22,13.41,738500,12.214555
2012-09-28,13.40,13.40,13.26,13.36,269100,12.169012
2012-09-27,13.44,13.52,13.37,13.46,252800,12.260098
2012-09-26,13.26,13.52,13.19,13.46,269400,12.260098
2012-09-25,13.38,13.48,13.19,13.25,420000,12.068818
2012-09-24,12.91,13.39,12.85,13.35,350900,12.159904
2012-09-21,13.27,13.29,12.95,13.01,2042300,11.850214
2012-09-20,13.18,13.37,13.02,13.12,380500,11.950407
2012-09-19,13.11,13.45,13.11,13.28,312600,12.096144
2012-09-18,13.25,13.25,13.00,13.14,386500,11.950408
2012-09-17,13.33,13.36,13.15,13.30,338200,12.095923
2012-09-14,13.68,13.68,13.30,13.43,476500,12.214154
2012-09-13,13.65,13.98,13.64,13.82,302000,12.568846
2012-09-12,13.66,13.80,13.56,13.78,264500,12.532467
2012-09-11,13.48,13.67,13.25,13.61,671300,12.377857
2012-09-10,13.22,13.50,13.19,13.46,270500,12.241438
2012-09-07,13.26,13.30,13.15,13.23,233400,12.03226
2012-09-06,13.13,13.25,12.96,13.20,314800,12.004976
2012-09-05,13.31,13.31,12.98,13.09,425700,11.904935
2012-09-04,13.02,13.45,12.93,13.34,892400,12.132302
2012-08-31,13.09,13.13,12.94,13.02,326600,11.841272
2012-08-30,13.10,13.18,12.98,12.98,304400,11.804893
2012-08-29,13.24,13.26,13.11,13.16,294500,11.968597
2012-08-28,13.24,13.35,13.09,13.23,266400,12.03226
2012-08-27,13.35,13.41,13.19,13.26,266500,12.059544
2012-08-24,13.38,13.44,13.27,13.33,151200,12.123207
2012-08-23,13.44,13.50,13.34,13.41,172100,12.195964
2012-08-22,13.40,13.56,13.37,13.47,214600,12.250533
2012-08-21,13.41,13.53,13.36,13.44,248400,12.223248
2012-08-20,13.49,13.52,13.35,13.40,715600,12.186869
2012-08-17,13.56,13.57,13.44,13.52,172100,12.296006
2012-08-16,13.56,13.56,13.42,13.51,287500,12.286911
2012-08-15,13.33,13.61,13.33,13.53,471100,12.3051
2012-08-14,13.50,13.56,13.32,13.38,198300,12.16868
2012-08-13,13.47,13.63,13.32,13.40,165100,12.186869
2012-08-10,13.47,13.51,13.40,13.47,251900,12.250533
2012-08-09,13.59,13.61,13.39,13.47,397600,12.250533
2012-08-08,13.55,13.67,13.55,13.58,306700,12.350574
2012-08-07,13.71,13.72,13.51,13.60,225100,12.368763
2012-08-06,13.73,13.84,13.59,13.60,197900,12.368763
2012-08-03,13.84,13.89,13.68,13.70,295500,12.45971
2012-08-02,13.35,13.71,13.29,13.66,298100,12.423331
2012-08-01,13.94,14.06,13.54,13.54,236500,12.314195
2012-07-31,14.00,14.05,13.88,13.90,323900,12.641603
2012-07-30,14.20,14.23,13.98,14.00,266200,12.73255
2012-07-27,13.78,14.19,13.76,14.16,296800,12.878065
2012-07-26,13.90,13.99,13.68,13.69,430200,12.450615
2012-07-25,13.78,13.78,13.68,13.74,505200,12.496088
2012-07-24,13.68,13.76,13.60,13.71,449800,12.468805
2012-07-23,13.53,13.76,13.42,13.70,474800,12.45971
2012-07-20,13.78,13.94,13.73,13.74,688300,12.496088
2012-07-19,13.92,13.97,13.73,13.79,336800,12.541562
2012-07-18,13.76,13.96,13.75,13.94,384100,12.677982
2012-07-17,13.78,13.86,13.59,13.77,532500,12.523373
2012-07-16,13.88,13.94,13.51,13.76,898100,12.514278
2012-07-13,14.18,14.37,14.16,14.20,332600,12.914444
2012-07-12,13.96,14.26,13.86,14.19,212900,12.905349
2012-07-11,14.12,14.24,13.88,14.07,257900,12.796213
2012-07-10,14.45,14.54,14.06,14.11,293400,12.832591
2012-07-09,14.38,14.39,14.17,14.35,411100,13.050864
2012-07-06,14.51,14.61,14.31,14.36,233600,13.059958
2012-07-05,14.48,14.71,14.43,14.64,207300,13.31461
2012-07-03,14.42,14.53,14.34,14.49,245700,13.178189
2012-07-02,14.40,14.48,14.19,14.32,444300,13.02358
2012-06-29,14.19,14.34,14.08,14.31,281800,13.014486
2012-06-28,13.60,13.97,13.50,13.96,292600,12.696172
2012-06-27,13.69,13.77,13.64,13.70,342700,12.45971
2012-06-26,13.68,13.79,13.55,13.69,445600,12.450615
2012-06-25,13.70,13.87,13.53,13.69,294100,12.450615
2012-06-22,13.99,14.03,13.73,13.89,665800,12.632509
2012-06-21,14.38,14.43,13.96,13.97,299800,12.705266
2012-06-20,14.58,14.60,14.36,14.40,124800,13.096337
2012-06-19,14.36,14.66,14.36,14.61,243100,13.287325
2012-06-18,14.09,14.40,14.05,14.35,370900,13.050864
2012-06-15,14.17,14.28,14.14,14.18,513900,12.896255
2012-06-14,14.04,14.25,14.00,14.23,194200,12.941727
2012-06-13,14.14,14.32,14.02,14.07,204000,12.778024
2012-06-12,14.10,14.26,13.94,14.20,181500,12.896086
2012-06-11,14.44,14.47,14.06,14.09,275800,12.796187
2012-06-08,14.10,14.42,14.05,14.26,248000,12.950577
2012-06-07,14.39,14.46,14.13,14.14,228200,12.841596
2012-06-06,13.94,14.24,13.94,14.23,288100,12.923331
2012-06-05,13.92,14.04,13.75,13.83,582400,12.560062
2012-06-04,13.88,14.05,13.82,13.99,386500,12.70537
2012-06-01,14.00,14.14,13.86,13.86,342500,12.587307
2012-05-31,14.28,14.40,14.04,14.24,360000,12.932413
2012-05-30,14.31,14.34,14.14,14.25,343700,12.941495
2012-05-29,14.39,14.58,14.34,14.45,150200,13.12313
2012-05-25,14.35,14.38,14.21,14.28,186700,12.96874
2012-05-24,14.25,14.35,14.14,14.33,248500,13.014149
2012-05-23,13.81,14.31,13.74,14.23,257000,12.923331
2012-05-22,14.00,14.03,13.80,13.96,338400,12.678125
2012-05-21,13.86,14.10,13.75,13.96,369400,12.678125
2012-05-18,13.75,14.07,13.75,13.83,443000,12.560062
2012-05-17,14.16,14.25,13.76,13.76,622200,12.49649
2012-05-16,14.00,14.17,13.97,14.13,273500,12.832514
2012-05-15,13.76,14.11,13.76,13.99,327100,12.70537
2012-05-14,13.66,13.95,13.66,13.80,259200,12.532817
2012-05-11,13.71,13.95,13.71,13.80,184800,12.532817
2012-05-10,13.99,14.02,13.72,13.83,371000,12.560062
2012-05-09,14.01,14.06,13.86,13.93,275000,12.65088
2012-05-08,13.97,14.20,13.75,14.17,360800,12.868841
2012-05-07,13.91,14.27,13.91,14.04,352300,12.750779
2012-05-04,14.20,14.20,13.92,14.00,377400,12.714452
2012-05-03,14.47,14.52,14.25,14.25,362200,12.941495
2012-05-02,13.83,14.54,13.83,14.45,594300,13.12313
2012-05-01,13.80,14.09,13.72,13.98,457300,12.696288
2012-04-30,14.08,14.12,13.82,13.83,315500,12.560062
2012-04-27,13.95,14.17,13.91,14.04,374300,12.750779
2012-04-26,14.04,14.04,13.76,13.98,298200,12.696288
2012-04-25,14.16,14.22,14.03,14.10,274300,12.805269
2012-04-24,13.94,14.09,13.86,13.98,276000,12.696288
2012-04-23,13.82,13.90,13.69,13.87,290500,12.596389
2012-04-20,14.24,14.24,14.00,14.02,280500,12.732615
2012-04-19,14.20,14.31,13.96,14.01,398900,12.723534
2012-04-18,14.14,14.27,14.12,14.17,650900,12.868841
2012-04-17,14.15,14.38,14.09,14.21,475700,12.905168
2012-04-16,13.91,14.13,13.78,13.99,265300,12.70537
2012-04-13,13.97,14.04,13.78,13.81,287000,12.541899
2012-04-12,13.92,14.18,13.92,14.06,200600,12.768942
2012-04-11,13.97,14.08,13.89,13.96,306100,12.678125
2012-04-10,14.10,14.10,13.75,13.84,479800,12.569144
2012-04-09,14.20,14.33,14.07,14.09,439300,12.796187
2012-04-05,14.46,14.54,14.36,14.43,226800,13.104967
2012-04-04,14.36,14.55,14.21,14.53,309100,13.195784
2012-04-03,14.62,14.69,14.45,14.53,329700,13.195784
2012-04-02,14.39,14.68,14.33,14.66,304900,13.313847
2012-03-30,14.77,14.94,14.46,14.46,325700,13.132212
2012-03-29,14.74,14.78,14.56,14.75,224000,13.395583
2012-03-28,14.89,14.97,14.72,14.84,181500,13.477319
2012-03-27,14.87,14.92,14.81,14.89,181600,13.522728
2012-03-26,14.76,14.89,14.72,14.88,172900,13.513646
2012-03-23,14.68,14.68,14.46,14.67,299800,13.322929
2012-03-22,14.83,14.83,14.51,14.70,244200,13.350174
2012-03-21,14.98,15.06,14.82,14.98,218200,13.604463
2012-03-20,14.91,15.02,14.77,14.96,230300,13.568136
2012-03-19,15.01,15.19,14.90,15.05,234500,13.649763
2012-03-16,15.22,15.22,14.95,15.00,385800,13.604414
2012-03-15,14.92,15.28,14.85,15.18,275600,13.767668
2012-03-14,15.15,15.15,14.79,14.90,491400,13.513718
2012-03-13,15.00,15.10,14.83,15.04,475200,13.640693
2012-03-12,14.86,14.91,14.71,14.85,219400,13.468371
2012-03-09,14.66,14.90,14.58,14.87,384300,13.486509
2012-03-08,14.51,14.72,14.27,14.67,575600,13.305117
2012-03-07,14.38,14.45,14.23,14.41,422700,13.069307
2012-03-06,14.46,14.51,14.19,14.31,402800,12.978612
2012-03-05,14.32,14.62,14.21,14.59,261700,13.232561
2012-03-02,14.62,14.82,14.18,14.35,321500,13.01489
2012-03-01,14.53,14.75,14.48,14.65,218500,13.286978
2012-02-29,14.55,14.63,14.22,14.47,417300,13.123725
2012-02-28,14.58,14.78,14.27,14.50,228200,13.150934
2012-02-27,14.42,14.70,14.34,14.60,168600,13.24163
2012-02-24,14.84,14.92,14.51,14.55,232700,13.196282
2012-02-23,14.71,14.86,14.56,14.85,171000,13.468371
2012-02-22,14.64,14.82,14.54,14.64,221700,13.277909
2012-02-21,14.85,14.97,14.58,14.69,217200,13.323256
2012-02-17,15.12,15.17,14.82,14.86,178500,13.47744
2012-02-16,14.66,15.06,14.53,15.05,205900,13.649763
2012-02-15,15.11,15.25,14.60,14.68,235900,13.314187
2012-02-14,14.98,15.04,14.80,15.03,223400,13.631623
2012-02-13,15.03,15.15,14.90,15.02,156900,13.622554
2012-02-10,14.86,15.02,14.76,14.89,259300,13.504649
2012-02-09,15.05,15.09,14.88,14.95,188100,13.559066
2012-02-08,15.16,15.16,14.87,14.98,193400,13.586275
2012-02-07,15.18,15.28,15.04,15.17,199200,13.758598
2012-02-06,15.29,15.32,15.14,15.19,195300,13.776737
2012-02-03,15.29,15.52,15.26,15.35,418100,13.921851
2012-02-02,15.04,15.17,14.94,15.12,315800,13.71325
2012-02-01,14.88,15.09,14.80,15.06,347800,13.658833
2012-01-31,14.94,14.97,14.66,14.82,250100,13.441161
2012-01-30,14.93,14.99,14.75,14.84,608500,13.459301
2012-01-27,14.92,15.06,14.75,15.03,245800,13.631623
2012-01-26,14.79,15.03,14.70,15.02,387400,13.622554
2012-01-25,14.64,14.83,14.52,14.70,236000,13.332326
2012-01-24,14.58,14.73,14.50,14.59,254700,13.232561
2012-01-23,14.69,14.88,14.52,14.64,310300,13.277909
2012-01-20,14.39,14.83,14.36,14.81,482400,13.432092
2012-01-19,14.28,14.63,14.17,14.53,508000,13.178143
2012-01-18,14.04,14.24,13.96,14.18,392900,12.860707
2012-01-17,14.23,14.28,14.01,14.04,442200,12.733732
2012-01-13,14.11,14.20,14.03,14.12,315800,12.806289
2012-01-12,14.21,14.36,14.05,14.23,298600,12.906054
2012-01-11,14.10,14.20,14.10,14.15,397800,12.833497
2012-01-10,14.10,14.24,14.09,14.14,298500,12.824428
2012-01-09,14.09,14.13,13.89,14.02,357900,12.715593
2012-01-06,14.01,14.19,13.93,13.98,385400,12.679314
2012-01-05,14.50,14.61,13.89,13.97,696000,12.670245
2012-01-04,13.87,14.18,13.80,14.04,490900,12.733732
2012-01-03,14.47,14.62,14.33,14.36,389100,13.023959
2011-12-30,14.46,14.58,14.29,14.29,259500,12.960472
2011-12-29,14.29,14.52,14.29,14.51,153000,13.160004
2011-12-28,14.51,14.64,14.22,14.24,298100,12.915124
2011-12-27,14.39,14.60,14.34,14.51,217600,13.160004
2011-12-23,14.41,14.53,14.31,14.41,132500,13.069307
2011-12-22,14.42,14.61,14.25,14.35,327500,13.01489
2011-12-21,14.28,14.46,14.14,14.44,341700,13.096516
2011-12-20,13.91,14.31,13.83,14.26,407900,12.933264
2011-12-19,14.07,14.42,13.71,13.72,622100,12.443505
2011-12-16,13.93,14.19,13.75,13.96,1024200,12.661175
2011-12-15,13.74,13.88,13.56,13.84,452900,12.55234
2011-12-14,13.75,13.83,13.56,13.57,593300,12.30746
2011-12-13,13.92,14.07,13.81,13.87,946400,12.579548
2011-12-12,13.64,13.87,13.52,13.84,639300,12.55234
2011-12-09,13.48,13.83,13.48,13.78,481200,12.497922
2011-12-08,13.78,13.78,13.39,13.42,401000,12.171416
2011-12-07,13.80,13.95,13.60,13.88,364400,12.588618
2011-12-06,13.91,14.00,13.76,13.90,389400,12.588618
2011-12-05,13.73,14.09,13.67,13.90,537900,12.588618
2011-12-02,13.66,13.78,13.50,13.55,618100,12.271639
2011-12-01,13.69,13.72,13.48,13.49,456600,12.217299
2011-11-30,13.81,13.83,13.51,13.75,1200000,12.45277
2011-11-29,13.44,13.54,13.27,13.38,435700,12.117677
2011-11-28,13.14,13.41,13.14,13.40,552500,12.13579
2011-11-25,12.89,13.14,12.82,12.84,295900,11.628623
2011-11-23,12.93,13.03,12.80,12.90,612700,11.682962
2011-11-22,13.25,13.30,13.04,13.06,733200,11.827867
2011-11-21,13.52,13.52,13.21,13.30,650800,12.045225
2011-11-18,13.58,13.74,13.50,13.62,379100,12.335034
2011-11-17,13.41,13.73,13.41,13.57,655700,12.289751
2011-11-16,13.82,13.87,13.45,13.47,464200,12.199186
2011-11-15,13.74,14.07,13.70,13.98,244800,12.66107
2011-11-14,14.10,14.15,13.73,13.84,469100,12.534279
2011-11-11,13.81,14.19,13.71,14.13,474300,12.796919
2011-11-10,13.70,13.89,13.53,13.70,527100,12.407487
2011-11-09,13.67,13.87,13.50,13.50,590300,12.226356
2011-11-08,13.78,14.01,13.56,13.99,569400,12.670127
2011-11-07,13.72,13.82,13.43,13.67,497900,12.380317
2011-11-04,13.69,13.75,13.47,13.72,485400,12.4256
2011-11-03,13.64,13.80,13.31,13.79,507800,12.488996
2011-11-02,13.31,13.50,13.15,13.43,729700,12.16296
2011-11-01,13.01,13.35,12.94,13.12,1421600,11.882206
2011-10-31,13.46,13.63,13.37,13.41,755900,12.144847
2011-10-28,13.57,13.74,13.23,13.63,579700,12.344091
2011-10-27,13.44,13.71,13.05,13.57,1807500,12.289751
2011-10-26,12.92,13.49,12.87,13.20,2445900,11.954659
2011-10-25,14.32,14.32,14.07,14.10,478500,12.76975
2011-10-24,14.37,14.55,14.24,14.46,495100,13.095786
2011-10-21,14.41,14.41,14.14,14.27,566700,12.923711
2011-10-20,14.29,14.35,14.07,14.24,644300,12.896541
2011-10-19,14.46,14.52,14.06,14.16,632400,12.824089
2011-10-18,14.12,14.60,13.99,14.49,836200,13.122955
2011-10-17,14.53,14.58,13.91,14.12,747900,12.787862
2011-10-14,14.67,15.00,14.46,14.60,599200,13.222578
2011-10-13,14.48,14.65,14.26,14.47,726900,13.104842
2011-10-12,14.60,14.69,14.52,14.55,1046900,13.177295
2011-10-11,14.31,14.60,14.25,14.55,921300,13.177295
2011-10-10,14.11,14.40,14.07,14.39,569100,13.03239
2011-10-07,14.34,14.42,13.89,13.96,779400,12.642958
2011-10-06,14.17,14.29,14.05,14.29,1106300,12.941824
2011-10-05,14.08,14.26,13.78,14.15,1288200,12.815032
2011-10-04,13.24,14.11,13.22,14.07,1455200,12.742579
2011-10-03,13.46,13.88,13.33,13.33,1441800,12.072394
2011-09-30,13.69,13.89,13.54,13.56,703200,12.280695
2011-09-29,13.79,14.03,13.49,13.88,478600,12.570505
2011-09-28,14.06,14.18,13.57,13.60,617200,12.316922
2011-09-27,14.03,14.32,13.85,14.01,1968400,12.68824
2011-09-26,13.60,13.84,13.27,13.82,979000,12.516165
2011-09-23,13.51,13.73,13.34,13.49,1201300,12.217299
2011-09-22,13.09,13.66,13.02,13.53,1484600,12.253525
2011-09-21,13.97,14.00,13.43,13.45,750200,12.181073
2011-09-20,14.35,14.51,13.95,13.96,837300,12.624844
2011-09-19,14.25,14.45,14.07,14.27,751400,12.905195
2011-09-16,14.69,14.72,14.38,14.44,1721600,13.058936
2011-09-15,14.69,14.74,14.36,14.57,633900,13.176502
2011-09-14,14.50,14.76,14.25,14.57,1200900,13.176502
2011-09-13,14.07,14.65,14.07,14.39,1970000,13.013718
2011-09-12,13.74,14.06,13.68,14.06,1285100,12.71528
2011-09-09,13.71,14.03,13.58,13.97,1015100,12.633888
2011-09-08,14.02,14.26,13.86,13.87,873500,12.543452
2011-09-07,14.09,14.19,13.95,14.07,1508900,12.724323
2011-09-06,13.64,13.90,13.38,13.88,1073500,12.552495
2011-09-02,14.28,14.36,13.95,14.01,651100,12.670062
2011-09-01,15.25,15.45,14.37,14.47,1456200,13.086067
2011-08-31,15.28,15.52,15.08,15.20,1099600,13.746248
2011-08-30,15.02,15.27,14.68,15.18,1009000,13.728161
2011-08-29,14.72,15.10,14.55,15.07,1007400,13.628682
2011-08-26,14.08,14.61,13.71,14.59,1018000,13.19459
2011-08-25,14.21,14.41,14.01,14.17,1480300,12.814759
2011-08-24,13.83,14.19,13.69,14.11,990700,12.760497
2011-08-23,13.35,13.87,13.23,13.87,969900,12.543452
2011-08-22,13.30,13.38,13.06,13.32,1074200,12.046054
2011-08-19,12.83,13.22,12.75,13.06,1517800,11.810922
2011-08-18,13.37,13.42,12.83,13.03,1085100,11.78379
2011-08-17,13.84,13.92,13.49,13.62,666900,12.317362
2011-08-16,14.04,14.10,13.68,13.82,485300,12.498233
2011-08-15,14.21,14.27,13.80,14.15,457600,12.796672
2011-08-12,13.97,14.30,13.82,14.13,942000,12.778585
2011-08-11,13.44,13.99,13.36,13.81,779700,12.489191
2011-08-10,14.34,14.34,13.23,13.34,1242800,12.064142
2011-08-09,13.93,14.07,13.06,13.73,3445100,12.416841
2011-08-08,14.42,14.90,13.74,13.74,1259200,12.425885
2011-08-05,14.57,15.02,14.29,14.83,1482400,13.411636
2011-08-04,14.56,14.63,14.34,14.46,1302000,13.077023
2011-08-03,14.58,14.72,14.21,14.70,593900,13.294069
2011-08-02,15.18,15.28,14.52,14.52,910900,13.131285
2011-08-01,15.43,15.50,15.09,15.21,504800,13.755292
2011-07-29,15.03,15.54,15.00,15.32,841000,13.854771
2011-07-28,15.10,15.33,15.10,15.13,561600,13.682943
2011-07-27,15.24,15.26,15.00,15.12,630900,13.6739
2011-07-26,15.73,15.73,15.16,15.28,821500,13.818597
2011-07-25,15.69,15.81,15.56,15.66,438300,14.162253
2011-07-22,15.90,15.98,15.76,15.84,415700,14.325038
2011-07-21,15.78,16.09,15.78,15.90,1024000,14.379299
2011-07-20,15.92,16.01,15.45,15.82,760100,14.30695
2011-07-19,16.719999,17.00,16.02,16.299999,1017400,14.741042
2011-07-18,16.709999,16.870001,16.60,16.620001,728400,15.030438
2011-07-15,16.68,16.91,16.50,16.790001,614200,15.184179
2011-07-14,16.93,17.040001,16.459999,16.629999,356900,15.03948
2011-07-13,16.85,17.09,16.73,16.889999,365900,15.274614
2011-07-12,16.67,16.870001,16.52,16.709999,249900,15.111829
2011-07-11,16.969999,17.040001,16.74,16.77,436000,15.166092
2011-07-08,17.10,17.200001,17.049999,17.16,272300,15.518791
2011-07-07,17.25,17.370001,17.110001,17.290001,693400,15.636358
2011-07-06,16.83,17.200001,16.75,17.129999,695700,15.491659
2011-07-05,16.790001,16.93,16.719999,16.799999,484600,15.193221
2011-07-01,16.57,16.940001,16.57,16.82,464000,15.211309
2011-06-30,16.33,16.60,16.26,16.559999,672400,14.976175
2011-06-29,16.40,16.41,16.219999,16.32,431600,14.75913
2011-06-28,16.18,16.360001,16.059999,16.360001,336700,14.795305
2011-06-27,15.97,16.17,15.89,16.15,377300,14.605389
2011-06-24,16.190001,16.25,15.96,16.02,353100,14.487823
2011-06-23,15.77,16.24,15.71,16.129999,524700,14.587301
2011-06-22,16.059999,16.290001,15.91,15.92,459400,14.397387
2011-06-21,15.98,16.17,15.93,16.110001,543400,14.551128
2011-06-20,15.92,16.25,15.78,15.88,932300,14.343384
2011-06-17,16.10,16.309999,16.00,16.02,607500,14.469837
2011-06-16,15.84,16.120001,15.82,16.01,373500,14.460804
2011-06-15,15.87,16.08,15.76,15.80,508300,14.271125
2011-06-14,15.78,16.01,15.78,15.99,296900,14.442739
2011-06-13,15.81,15.86,15.60,15.66,438900,14.144671
2011-06-10,15.58,15.92,15.52,15.78,1035300,14.25306
2011-06-09,15.45,15.75,15.32,15.71,916300,14.189833
2011-06-08,15.42,15.54,15.32,15.40,821800,13.90983
2011-06-07,15.53,15.64,15.40,15.41,519700,13.918863
2011-06-06,15.71,15.77,15.44,15.44,577100,13.945959
2011-06-03,15.76,15.83,15.54,15.75,1730200,14.225963
2011-06-02,15.94,16.110001,15.84,15.90,1038500,14.361448
2011-06-01,16.620001,16.790001,15.89,15.92,1441200,14.379513
2011-05-31,16.559999,16.709999,16.40,16.620001,751200,15.011779
2011-05-27,16.40,16.719999,16.370001,16.51,755600,14.912422
2011-05-26,16.139999,16.309999,16.10,16.290001,315000,14.713711
2011-05-25,16.139999,16.309999,16.059999,16.18,434900,14.614354
2011-05-24,16.15,16.209999,16.07,16.08,479200,14.524031
2011-05-23,16.17,16.309999,16.040001,16.15,320800,14.587257
2011-05-20,16.32,16.50,16.26,16.35,494500,14.767905
2011-05-19,16.41,16.57,16.27,16.42,472500,14.831131
2011-05-18,16.02,16.35,15.93,16.309999,687100,14.731774
2011-05-17,16.00,16.17,15.95,16.040001,680700,14.487902
2011-05-16,15.82,16.309999,15.75,16.02,1405700,14.469837
2011-05-13,16.620001,16.75,16.49,16.549999,503700,14.948551
2011-05-12,16.49,16.790001,16.33,16.610001,571000,15.002746
2011-05-11,16.620001,16.76,16.469999,16.50,531800,14.90339
2011-05-10,16.629999,16.82,16.629999,16.719999,407600,15.102101
2011-05-09,16.790001,16.889999,16.559999,16.629999,477700,15.020809
2011-05-06,17.059999,17.16,16.76,16.85,610000,15.219522
2011-05-05,16.91,17.43,16.860001,17.110001,565200,15.454364
2011-05-04,17.059999,17.190001,16.870001,16.940001,444500,15.300814
2011-05-03,17.049999,17.15,16.889999,16.99,451900,15.345975
2011-05-02,17.280001,17.41,16.99,17.07,459300,15.418234
2011-04-29,17.370001,17.40,17.200001,17.25,258000,15.580816
2011-04-28,17.280001,17.52,17.17,17.299999,383000,15.625978
2011-04-27,17.40,17.469999,17.120001,17.360001,476300,15.680173
2011-04-26,17.27,17.440001,17.18,17.35,295900,15.67114
2011-04-25,17.530001,17.549999,17.139999,17.16,566400,15.499525
2011-04-21,17.84,17.85,17.41,17.620001,264800,15.915014
2011-04-20,17.74,17.82,17.110001,17.48,501300,15.78856
2011-04-19,17.620001,17.709999,17.48,17.52,217000,15.82469
2011-04-18,17.610001,17.66,17.40,17.57,243400,15.869852
2011-04-15,17.719999,17.790001,17.540001,17.76,319200,16.041467
2011-04-14,17.32,17.889999,17.290001,17.790001,379300,16.068565
2011-04-13,17.540001,17.709999,17.299999,17.370001,146900,15.689205
2011-04-12,17.459999,17.77,17.41,17.450001,192300,15.761464
2011-04-11,17.620001,17.75,17.549999,17.58,192500,15.878884
2011-04-08,18.09,18.09,17.49,17.58,442800,15.878884
2011-04-07,17.969999,18.120001,17.889999,17.940001,547000,16.20405
2011-04-06,18.01,18.08,17.870001,18.01,432000,16.267276
2011-04-05,17.790001,18.07,17.780001,17.93,289900,16.195017
2011-04-04,17.639999,18.040001,17.559999,17.889999,479900,16.158887
2011-04-01,17.68,17.790001,17.540001,17.639999,283000,15.933078
2011-03-31,17.299999,17.559999,17.23,17.540001,486600,15.842756
2011-03-30,16.969999,17.360001,16.940001,17.33,888900,15.653075
2011-03-29,16.879999,17.030001,16.709999,16.950001,261200,15.309846
2011-03-28,17.139999,17.139999,16.84,16.91,342000,15.273716
2011-03-25,17.030001,17.23,16.940001,17.01,261000,15.36404
2011-03-24,16.91,17.030001,16.809999,16.93,334900,15.291781
2011-03-23,16.889999,16.889999,16.629999,16.870001,648500,15.237588
2011-03-22,16.950001,16.99,16.77,16.84,282600,15.21049
2011-03-21,16.719999,17.02,16.66,16.879999,238800,15.228553
2011-03-18,16.66,16.700001,16.389999,16.59,546700,14.966926
2011-03-17,16.780001,16.99,16.48,16.52,351900,14.903775
2011-03-16,16.43,16.68,16.299999,16.49,729000,14.876709
2011-03-15,16.389999,16.65,16.129999,16.49,769600,14.876709
2011-03-14,16.74,16.91,16.610001,16.82,289700,15.174424
2011-03-11,16.610001,17.02,16.48,16.870001,465100,15.219533
2011-03-10,16.67,16.85,16.52,16.629999,309700,15.003012
2011-03-09,16.84,17.030001,16.719999,16.91,295500,15.255619
2011-03-08,16.51,16.99,16.309999,16.92,343100,15.264641
2011-03-07,16.91,17.059999,16.41,16.51,393400,14.894753
2011-03-04,16.90,16.98,16.67,16.90,452200,15.246597
2011-03-03,16.540001,16.99,16.540001,16.91,344400,15.255619
2011-03-02,16.129999,16.41,16.110001,16.370001,552900,14.768451
2011-03-01,16.66,16.719999,16.120001,16.120001,977200,14.542909
2011-02-28,16.65,16.799999,16.50,16.59,674800,14.966926
2011-02-25,16.60,16.799999,16.559999,16.629999,887000,15.003012
2011-02-24,16.620001,16.75,16.40,16.610001,646200,14.98497
2011-02-23,16.969999,16.969999,16.42,16.51,1149600,14.894753
2011-02-22,17.59,17.59,16.98,17.01,644700,15.345836
2011-02-18,17.799999,18.040001,17.60,17.809999,915900,16.067568
2011-02-17,17.33,17.85,17.23,17.719999,1287800,15.986373
2011-02-16,16.530001,17.370001,16.450001,17.309999,1411900,15.616485
2011-02-15,16.129999,16.459999,16.129999,16.42,1257300,14.813558
2011-02-14,16.120001,16.26,16.09,16.18,516600,14.597039
2011-02-11,15.88,16.15,15.69,16.15,394300,14.569973
2011-02-10,15.80,16.00,15.80,15.90,331900,14.344432
2011-02-09,15.91,15.96,15.81,15.92,301500,14.362475
2011-02-08,15.85,15.95,15.75,15.92,261400,14.362475
2011-02-07,16.01,16.040001,15.75,15.91,522000,14.353453
2011-02-04,16.049999,16.09,15.82,15.97,425000,14.407584
2011-02-03,15.88,16.049999,15.76,15.97,426600,14.407584
2011-02-02,16.10,16.16,15.80,15.81,348300,14.263237
2011-02-01,16.07,16.24,16.02,16.18,469400,14.597039
2011-01-31,16.07,16.129999,15.87,16.030001,608700,14.461714
2011-01-28,16.48,16.50,15.93,15.94,698300,14.380518
2011-01-27,16.24,16.60,16.219999,16.530001,598100,14.912797
2011-01-26,16.25,16.49,16.07,16.32,348500,14.723341
2011-01-25,15.87,16.24,15.80,16.15,699900,14.569973
2011-01-24,15.83,16.040001,15.68,15.89,406500,14.335411
2011-01-21,16.02,16.02,15.57,15.86,620300,14.308345
2011-01-20,15.89,16.15,15.89,15.99,355400,14.425627
2011-01-19,16.030001,16.110001,15.85,15.98,534400,14.416605
2011-01-18,16.09,16.370001,15.98,16.07,586500,14.4978
2011-01-14,16.370001,16.49,16.23,16.25,605300,14.66019
2011-01-13,16.459999,16.60,16.32,16.370001,440600,14.768451
2011-01-12,16.559999,16.65,16.40,16.559999,184200,14.939861
2011-01-11,16.690001,16.780001,16.35,16.51,390000,14.894753
2011-01-10,16.209999,16.74,16.209999,16.58,626900,14.957904
2011-01-07,16.27,16.35,16.07,16.32,474600,14.723341
2011-01-06,16.33,16.42,16.219999,16.299999,385700,14.705297
2011-01-05,15.98,16.32,15.97,16.309999,421100,14.714319
2011-01-04,16.35,16.440001,15.86,16.040001,393700,14.470736
2011-01-03,16.200001,16.459999,16.200001,16.290001,544300,14.696277
2010-12-31,16.15,16.23,16.02,16.02,229100,14.452692
2010-12-30,16.129999,16.35,16.120001,16.23,145400,14.642146
2010-12-29,16.25,16.27,16.129999,16.17,100500,14.588017
2010-12-28,16.139999,16.24,15.98,16.18,181000,14.597039
2010-12-27,16.049999,16.24,15.97,16.129999,121500,14.551929
2010-12-23,16.10,16.200001,15.97,16.059999,290600,14.488778
2010-12-22,16.290001,16.290001,16.08,16.110001,304900,14.533887
2010-12-21,16.08,16.25,16.07,16.209999,302500,14.624102
2010-12-20,15.80,16.23,15.80,15.98,378000,14.416605
2010-12-17,16.389999,16.42,16.10,16.24,815300,14.651168
2010-12-16,15.94,16.610001,15.80,16.40,895800,14.795514
2010-12-15,16.209999,16.290001,15.79,15.82,675700,14.272258
2010-12-14,16.41,16.52,16.120001,16.190001,596300,14.60606
2010-12-13,16.629999,16.690001,16.26,16.32,389700,14.723341
2010-12-10,16.629999,16.66,16.450001,16.60,346400,14.975948
2010-12-09,16.700001,16.700001,16.50,16.559999,336200,14.939861
2010-12-08,16.66,16.75,16.51,16.559999,339400,14.939861
2010-12-07,16.51,16.77,16.469999,16.67,561300,15.021057
2010-12-06,16.40,16.50,16.23,16.40,430200,14.777764
2010-12-03,16.059999,16.559999,15.86,16.459999,819600,14.831828
2010-12-02,15.74,16.190001,15.61,16.15,578100,14.552493
2010-12-01,15.72,15.85,15.51,15.75,501600,14.19206
2010-11-30,15.33,15.61,15.28,15.48,587400,13.948767
2010-11-29,15.34,15.49,15.24,15.45,294200,13.921735
2010-11-26,15.52,15.61,15.45,15.46,174900,13.930746
2010-11-24,15.43,15.62,15.43,15.62,293300,14.074919
2010-11-23,15.22,15.35,15.10,15.30,333200,13.786573
2010-11-22,15.14,15.47,15.01,15.35,555200,13.831627
2010-11-19,15.01,15.21,14.95,15.19,291600,13.687453
2010-11-18,14.97,15.16,14.91,15.00,321300,13.516248
2010-11-17,14.90,15.00,14.76,14.84,486500,13.372074
2010-11-16,14.87,14.99,14.79,14.87,480900,13.399107
2010-11-15,15.08,15.24,15.00,15.01,255400,13.525259
2010-11-12,14.98,15.18,14.85,15.04,414900,13.552291
2010-11-11,15.16,15.22,14.98,15.12,366800,13.624377
2010-11-10,15.13,15.30,15.09,15.26,314400,13.750529
2010-11-09,15.27,15.40,15.09,15.13,273500,13.633388
2010-11-08,15.38,15.50,15.18,15.27,258700,13.75954
2010-11-05,15.32,15.56,15.32,15.47,460500,13.939757
2010-11-04,15.25,15.39,15.14,15.37,558300,13.849648
2010-11-03,15.04,15.15,14.88,15.14,315800,13.6424
2010-11-02,15.02,15.05,14.76,15.01,337900,13.525259
2010-11-01,14.92,15.07,14.70,14.84,287300,13.372074
2010-10-29,14.87,15.05,14.75,14.91,280400,13.43515
2010-10-28,15.16,15.16,14.84,14.93,249400,13.453172
2010-10-27,15.11,15.11,14.95,15.07,287800,13.579323
2010-10-26,14.93,15.18,14.83,15.16,354800,13.660421
2010-10-25,15.02,15.11,14.99,15.05,334600,13.561302
2010-10-22,14.99,15.05,14.90,14.96,545000,13.480204
2010-10-21,14.88,14.98,14.74,14.96,717000,13.480204
2010-10-20,14.89,15.02,14.70,14.77,1246400,13.308999
2010-10-19,14.95,15.09,14.69,14.89,1267100,13.417129
2010-10-18,15.53,15.53,15.20,15.24,541200,13.732507
2010-10-15,15.55,15.75,15.37,15.46,575400,13.930746
2010-10-14,15.55,15.65,15.26,15.37,788300,13.849648
2010-10-13,14.97,15.58,14.95,15.49,1134200,13.957778
2010-10-12,14.77,14.83,14.51,14.78,326000,13.318009
2010-10-11,14.88,14.95,14.77,14.82,322900,13.354052
2010-10-08,14.83,14.90,14.66,14.85,275800,13.381085
2010-10-07,14.94,14.96,14.71,14.78,295700,13.318009
2010-10-06,14.85,15.00,14.75,14.82,493700,13.354052
2010-10-05,14.59,15.02,14.50,14.92,648400,13.444161
2010-10-04,14.61,14.72,14.35,14.43,409400,13.00263
2010-10-01,14.96,14.96,14.57,14.63,440200,13.182847
2010-09-30,14.95,15.16,14.82,14.87,563600,13.399107
2010-09-29,14.74,14.99,14.74,14.88,541600,13.408118
2010-09-28,14.70,14.87,14.52,14.83,662700,13.363063
2010-09-27,14.72,14.72,14.45,14.63,500400,13.182847
2010-09-24,14.46,14.75,14.42,14.72,574100,13.263945
2010-09-23,14.56,14.71,14.23,14.28,1137000,12.867467
2010-09-22,14.75,15.00,14.50,14.56,1111100,13.119771
2010-09-21,15.57,16.040001,15.55,15.85,1277000,13.363064
2010-09-20,16.120001,16.33,15.49,15.54,1852900,13.101704
2010-09-17,16.040001,16.18,15.81,16.049999,1104700,13.531682
2010-09-16,15.91,16.08,15.75,15.91,602900,13.413649
2010-09-15,15.85,16.030001,15.71,16.01,565500,13.497959
2010-09-14,16.01,16.059999,15.77,15.84,812100,13.354633
2010-09-13,15.68,15.93,15.53,15.68,608600,13.219737
2010-09-10,15.72,15.85,15.45,15.52,467300,13.084842
2010-09-09,16.00,16.17,15.60,15.70,610900,13.236599
2010-09-08,15.77,16.00,15.75,15.92,569600,13.42208
2010-09-07,15.75,15.82,15.42,15.68,670100,13.219737
2010-09-03,15.43,15.77,15.43,15.58,956400,13.135428
2010-09-02,15.05,15.26,14.99,15.21,368400,12.823482
2010-09-01,14.76,15.11,14.56,15.07,508400,12.705449
2010-08-31,14.60,14.76,14.46,14.54,604600,12.258608
2010-08-30,14.92,14.99,14.65,14.65,393200,12.351348
2010-08-27,14.72,15.02,14.50,14.95,465100,12.604277
2010-08-26,14.62,14.81,14.56,14.56,334400,12.275471
2010-08-25,14.43,14.65,14.32,14.59,339800,12.300763
2010-08-24,14.56,14.66,14.24,14.50,412000,12.224884
2010-08-23,14.97,15.07,14.66,14.68,350400,12.376642
2010-08-20,14.83,14.99,14.56,14.91,367100,12.570553
2010-08-19,15.18,15.28,14.59,14.92,465400,12.578985
2010-08-18,15.25,15.40,14.99,15.27,317500,12.874068
2010-08-17,15.17,15.38,15.08,15.22,419200,12.831913
2010-08-16,14.72,15.15,14.66,14.98,351000,12.62957
2010-08-13,15.10,15.10,14.80,14.81,332100,12.486244
2010-08-12,14.94,15.22,14.84,15.20,440500,12.815051
2010-08-11,15.34,15.34,15.07,15.12,534300,12.747604
2010-08-10,15.99,16.129999,15.61,15.65,985800,13.194444
2010-08-09,15.96,16.200001,15.96,16.18,432700,13.641285
2010-08-06,15.74,16.02,15.63,15.91,629600,13.413649
2010-08-05,16.02,16.120001,15.88,15.94,307600,13.438942
2010-08-04,16.059999,16.190001,16.02,16.17,356100,13.632854
2010-08-03,16.200001,16.25,15.92,16.02,547700,13.50639
2010-08-02,16.26,16.35,16.00,16.280001,609200,13.725595
2010-07-30,15.76,16.15,15.65,16.02,555200,13.50639
2010-07-29,16.129999,16.18,15.82,15.96,725600,13.455804
2010-07-28,16.110001,16.25,15.83,16.040001,664200,13.523252
2010-07-27,16.41,16.43,16.129999,16.200001,478300,13.658147
2010-07-26,16.15,16.40,16.09,16.309999,580400,13.750887
2010-07-23,15.76,16.190001,15.75,16.09,607800,13.565406
2010-07-22,15.69,15.99,15.66,15.86,632700,13.371494
2010-07-21,15.83,15.95,15.37,15.46,1340600,13.034256
2010-07-20,15.08,15.74,15.05,15.65,1073400,13.194444
2010-07-19,15.00,15.25,14.81,15.14,1040700,12.764466
2010-07-16,15.08,15.33,14.96,14.98,597300,12.62957
2010-07-15,15.43,15.47,15.03,15.19,568000,12.80662
2010-07-14,15.32,15.53,15.20,15.41,496000,12.992101
2010-07-13,15.23,15.46,15.09,15.40,536900,12.98367
2010-07-12,15.06,15.31,15.01,15.07,435900,12.705449
2010-07-09,15.03,15.15,14.90,15.07,229800,12.705449
2010-07-08,14.88,15.07,14.79,15.04,679700,12.680156
2010-07-07,14.25,14.81,14.25,14.78,684300,12.460951
2010-07-06,14.53,14.73,14.14,14.21,942200,11.980387
2010-07-02,14.54,14.54,14.19,14.30,533000,12.056266
2010-07-01,14.55,14.81,14.28,14.44,1190400,12.174298
2010-06-30,14.52,14.81,14.47,14.52,613500,12.241747
2010-06-29,14.90,14.90,14.53,14.53,1672300,12.250177
2010-06-28,15.21,15.42,15.03,15.10,388600,12.730742
2010-06-25,15.06,15.28,14.96,15.17,1709100,12.789759
2010-06-24,14.75,15.23,14.64,14.97,666500,12.62114
2010-06-23,14.91,15.09,14.68,14.89,584100,12.553692
2010-06-22,15.33,15.47,14.86,14.88,792400,12.545261
2010-06-21,15.44,15.47,15.21,15.26,659200,12.865637
2010-06-18,15.28,15.34,15.11,15.24,568600,12.848775
2010-06-17,15.39,15.45,15.04,15.21,553300,12.806621
2010-06-16,15.22,15.60,15.13,15.39,929000,12.958179
2010-06-15,15.14,15.36,15.10,15.34,484700,12.916079
2010-06-14,15.10,15.29,15.03,15.06,645600,12.680323
2010-06-11,14.94,15.18,14.77,14.91,905200,12.554024
2010-06-10,14.84,15.09,14.82,15.09,542200,12.705582
2010-06-09,14.79,14.97,14.57,14.64,735600,12.326688
2010-06-08,14.57,14.73,14.33,14.69,1135800,12.368787
2010-06-07,15.10,15.15,14.54,14.55,1388200,12.250909
2010-06-04,15.02,15.27,14.84,15.11,1580700,12.722422
2010-06-03,15.33,15.47,15.26,15.30,1411100,12.8824
2010-06-02,15.25,15.34,15.10,15.23,1652400,12.82346
2010-06-01,15.44,15.58,15.11,15.12,2539100,12.730842
2010-05-28,15.54,15.69,15.35,15.55,1330600,13.092896
2010-05-27,15.77,15.82,15.43,15.61,1195000,13.143415
2010-05-26,15.70,15.91,15.35,15.44,1626300,13.000277
2010-05-25,15.34,15.66,15.27,15.63,1219300,13.160255
2010-05-24,15.76,16.02,15.66,15.66,520900,13.185515
2010-05-21,15.56,16.040001,15.40,15.81,750700,13.311813
2010-05-20,16.35,16.40,15.74,15.77,955900,13.278134
2010-05-19,16.66,16.809999,16.42,16.68,483700,14.044342
2010-05-18,16.969999,17.049999,16.57,16.639999,714500,14.010661
2010-05-17,16.75,16.92,16.299999,16.780001,593500,14.128541
2010-05-14,16.77,16.799999,16.459999,16.639999,501300,14.010661
2010-05-13,16.85,17.07,16.690001,16.860001,990300,14.1959
2010-05-12,16.299999,16.950001,16.26,16.809999,1380000,14.153799
2010-05-11,16.15,16.450001,16.08,16.200001,619200,13.640188
2010-05-10,16.02,16.26,15.90,16.25,620000,13.682287
2010-05-07,15.71,15.75,15.21,15.58,1164200,13.118156
2010-05-06,16.01,16.219999,14.98,15.71,519200,13.227614
2010-05-05,16.190001,16.41,16.040001,16.08,448300,13.539149
2010-05-04,16.66,16.66,16.219999,16.32,593700,13.741226
2010-05-03,16.58,16.870001,16.52,16.860001,498200,14.1959
2010-04-30,16.77,17.02,16.52,16.52,643100,13.909624
2010-04-29,16.450001,16.790001,16.450001,16.75,735400,14.10328
2010-04-28,16.75,16.870001,16.43,16.459999,500600,13.859104
2010-04-27,16.90,17.15,16.639999,16.68,482500,14.044342
2010-04-26,16.99,17.16,16.959999,16.99,606200,14.305357
2010-04-23,16.879999,17.049999,16.82,16.99,1080700,14.305357
2010-04-22,16.92,17.18,16.76,17.129999,767600,14.423235
2010-04-21,16.549999,17.030001,16.49,17.00,730400,14.313777
2010-04-20,16.77,17.01,16.139999,16.51,1342200,13.901204
2010-04-19,16.110001,16.969999,16.08,16.639999,2006700,14.010661
2010-04-16,16.35,16.35,16.01,16.129999,844100,13.581248
2010-04-15,16.200001,16.610001,16.200001,16.33,1234700,13.749646
2010-04-14,16.190001,16.219999,16.030001,16.15,616000,13.598088
2010-04-13,15.90,16.129999,15.62,16.10,1383300,13.555989
2010-04-12,16.25,16.25,15.97,16.00,625300,13.47179
2010-04-09,16.33,16.620001,16.139999,16.190001,636100,13.631768
2010-04-08,16.290001,16.530001,16.290001,16.370001,523800,13.783326
2010-04-07,16.33,16.440001,16.120001,16.40,585200,13.808585
2010-04-06,16.33,16.530001,16.219999,16.43,372600,13.833845
2010-04-05,16.50,16.530001,16.290001,16.459999,323500,13.859104
2010-04-01,16.58,16.74,16.280001,16.42,443100,13.825425
2010-03-31,16.18,16.59,16.18,16.50,522100,13.892784
2010-03-30,16.540001,16.73,16.190001,16.280001,405000,13.707547
2010-03-29,16.629999,16.709999,16.18,16.43,702900,13.833845
2010-03-26,16.139999,16.17,15.87,15.99,464100,13.46337
2010-03-25,16.24,16.469999,16.02,16.030001,337500,13.49705
2010-03-24,16.32,16.48,16.059999,16.09,410200,13.547569
2010-03-23,16.18,16.450001,16.16,16.440001,336700,13.842265
2010-03-22,16.01,16.309999,15.92,16.23,490100,13.648607
2010-03-19,16.27,16.41,16.00,16.08,816800,13.522465
2010-03-18,16.35,16.459999,16.17,16.17,530700,13.59815
2010-03-17,16.610001,16.700001,16.35,16.42,415900,13.808388
2010-03-16,16.35,16.57,16.27,16.559999,356500,13.92612
2010-03-15,16.209999,16.290001,15.81,16.26,599800,13.673836
2010-03-12,16.25,16.25,16.02,16.200001,445100,13.623379
2010-03-11,15.90,16.17,15.87,16.16,493800,13.589741
2010-03-10,16.200001,16.360001,15.98,16.00,535600,13.455189
2010-03-09,15.80,16.309999,15.79,16.27,799700,13.682245
2010-03-08,15.75,15.88,15.67,15.81,320900,13.295409
2010-03-05,15.43,15.78,15.28,15.73,873900,13.228132
2010-03-04,15.49,15.51,15.25,15.38,525300,12.9338
2010-03-03,15.43,15.53,15.33,15.42,760300,12.967438
2010-03-02,15.59,15.68,15.33,15.45,854800,12.992666
2010-03-01,15.40,15.68,15.20,15.52,1080200,13.051533
2010-02-26,15.42,15.50,15.27,15.31,785900,12.874934
2010-02-25,15.15,15.49,15.07,15.37,681500,12.925391
2010-02-24,15.19,15.57,15.15,15.34,958300,12.900162
2010-02-23,14.98,15.24,14.88,15.18,663200,12.765611
2010-02-22,14.63,15.09,14.63,15.04,725800,12.647877
2010-02-19,14.47,14.77,14.47,14.62,884400,12.294679
2010-02-18,14.45,14.51,14.31,14.46,328400,12.160127
2010-02-17,14.36,14.57,14.23,14.50,589800,12.193765
2010-02-16,14.25,14.27,14.08,14.27,363100,12.000347
2010-02-12,14.00,14.20,13.88,14.14,540700,11.891023
2010-02-11,13.97,14.20,13.91,14.14,704500,11.891023
2010-02-10,13.74,14.05,13.62,14.05,535600,11.815338
2010-02-09,13.77,13.91,13.57,13.87,528100,11.663967
2010-02-08,13.78,13.87,13.55,13.58,308600,11.420091
2010-02-05,13.72,13.86,13.48,13.80,594400,11.6051
2010-02-04,13.98,14.02,13.71,13.73,479500,11.546233
2010-02-03,13.96,14.05,13.68,14.04,472800,11.806928
2010-02-02,13.95,13.97,13.73,13.79,638800,11.596691
2010-02-01,13.95,14.05,13.80,13.95,493800,11.731243
2010-01-29,14.07,14.19,13.89,13.89,947000,11.680786
2010-01-28,14.72,14.72,13.61,14.09,948700,11.848976
2010-01-27,14.96,15.20,14.60,14.77,1010500,12.420822
2010-01-26,15.02,15.25,14.91,15.04,314000,12.647877
2010-01-25,15.24,15.26,15.01,15.07,243300,12.673106
2010-01-22,15.51,15.72,15.11,15.16,338800,12.748791
2010-01-21,15.65,15.94,15.40,15.57,615500,13.09358
2010-01-20,15.63,15.72,15.44,15.67,743700,13.177676
2010-01-19,15.45,15.69,15.34,15.68,516400,13.186085
2010-01-15,15.95,15.95,15.22,15.44,838000,12.984257
2010-01-14,15.72,15.96,15.66,15.90,316700,13.371094
2010-01-13,15.76,15.89,15.65,15.80,340300,13.286999
2010-01-12,15.72,15.90,15.64,15.75,354500,13.244951
2010-01-11,16.00,16.00,15.75,15.84,244800,13.320637
2010-01-08,15.64,15.91,15.53,15.87,327300,13.345865
2010-01-07,15.83,15.91,15.53,15.65,332100,13.160856
2010-01-06,15.90,16.00,15.80,15.84,622700,13.320637
2010-01-05,15.92,15.96,15.76,15.87,595400,13.345865
2010-01-04,15.74,15.96,15.67,15.82,785900,13.303818
