Date,Open,High,Low,Close,Volume,Adj Close
2016-10-07,9.98,9.98,9.98,9.98,000,9.98
2016-10-06,9.98,9.98,9.98,9.98,200,9.98
2016-10-05,10.00,10.00,9.50,9.75,2500,9.75
2016-10-04,10.00,10.00,10.00,10.00,000,10.00
2016-10-03,10.32,10.33,10.00,10.00,2200,10.00
2016-09-30,10.00,10.00,10.00,10.00,000,10.00
2016-09-29,10.00,10.00,10.00,10.00,100,10.00
2016-09-28,10.00,10.00,10.00,10.00,000,10.00
2016-09-27,10.00,10.00,10.00,10.00,000,10.00
2016-09-26,10.00,10.00,10.00,10.00,000,10.00
2016-09-23,10.00,10.00,10.00,10.00,200,10.00
2016-09-22,10.20,10.20,10.20,10.20,1000,10.20
2016-09-21,10.00,10.00,10.00,10.00,000,10.00
2016-09-20,10.00,10.00,10.00,10.00,2000,10.00
2016-09-19,10.07,10.16,10.07,10.15,1100,10.15
2016-09-16,10.40,10.50,10.06,10.06,5200,10.06
2016-09-15,10.60,10.85,10.39,10.59,6700,10.59
2016-09-14,10.84,10.84,10.82,10.82,400,10.82
2016-09-13,10.68,10.85,10.67,10.85,600,10.85
2016-09-12,10.51,10.80,10.51,10.79,1200,10.79
2016-09-09,10.85,10.85,10.85,10.85,500,10.85
2016-09-08,10.86,10.86,10.86,10.86,800,10.86
2016-09-07,10.85,10.88,10.55,10.55,500,10.55
2016-09-06,10.88,10.88,10.73,10.85,1600,10.85
2016-09-02,10.79,10.79,10.79,10.79,000,10.79
2016-09-01,10.84,10.84,10.50,10.79,2900,10.79
2016-08-31,10.80,10.80,10.70,10.70,200,10.70
2016-08-30,10.81,10.81,10.81,10.81,200,10.81
2016-08-29,10.80,10.80,10.80,10.80,000,10.80
2016-08-26,10.80,10.80,10.80,10.80,400,10.80
2016-08-25,11.09,11.09,11.09,11.09,000,11.09
2016-08-24,11.09,11.09,11.09,11.09,000,11.09
2016-08-23,11.09,11.09,11.09,11.09,000,11.09
2016-08-22,11.09,11.09,11.09,11.09,000,11.09
2016-08-19,11.09,11.09,11.09,11.09,100,11.09
2016-08-18,11.16,11.16,11.16,11.16,000,11.16
2016-08-17,11.16,11.16,11.16,11.16,000,11.16
2016-08-16,11.16,11.16,11.16,11.16,200,11.16
2016-08-15,10.89,10.96,10.89,10.95,700,10.95
2016-08-12,10.81,10.81,10.81,10.81,000,10.81
2016-08-11,10.81,10.81,10.81,10.81,000,10.81
2016-08-10,10.72,10.85,10.66,10.81,1600,10.81
2016-08-09,11.24,11.24,10.50,10.95,2100,10.95
2016-08-08,11.34,11.65,11.34,11.65,600,11.65
2016-08-05,11.30,11.30,11.30,11.30,000,11.30
2016-08-04,11.30,11.30,11.30,11.30,000,11.30
2016-08-03,11.30,11.30,11.30,11.30,000,11.30
2016-08-02,11.30,11.30,11.30,11.30,000,11.30
2016-08-01,11.30,11.30,11.30,11.30,000,11.30
2016-07-29,11.15,11.35,10.51,11.30,900,11.30
2016-07-28,11.15,11.15,11.15,11.15,100,11.15
2016-07-27,12.00,12.00,11.00,11.56,1900,11.56
2016-07-26,11.42,11.74,11.42,11.74,600,11.74
2016-07-25,11.05,11.65,11.01,11.36,3400,11.36
2016-07-22,11.42,11.85,11.42,11.58,2200,11.58
2016-07-21,11.30,11.30,11.30,11.30,300,11.30
2016-07-20,11.01,11.01,11.01,11.01,000,11.01
2016-07-19,11.01,11.01,11.01,11.01,000,11.01
2016-07-18,11.01,11.01,11.01,11.01,600,11.01
2016-07-15,11.15,11.15,11.14,11.15,800,11.15
2016-07-14,11.30,11.64,11.15,11.15,5600,11.15
2016-07-13,11.99,11.99,11.25,11.27,6700,11.27
2016-07-12,11.10,11.55,11.10,11.11,2900,11.11
2016-07-11,11.32,12.30,11.02,11.31,2800,11.31
2016-07-08,11.46,11.60,11.10,11.10,9000,11.10
2016-07-07,11.00,11.11,11.00,11.11,1500,11.11
2016-07-06,11.08,11.08,11.08,11.08,000,11.08
2016-07-05,10.65,11.32,10.65,11.08,8700,11.08
2016-07-01,11.01,11.75,11.00,11.20,8000,11.20
2016-06-30,11.10,12.10,11.10,11.78,1700,11.78
2016-06-29,11.29,11.29,11.29,11.29,000,11.29
2016-06-28,12.63,12.63,11.03,11.29,8000,11.29
2016-06-27,13.10,13.10,11.95,11.95,1500,11.95
2016-06-24,11.50,13.06,10.98,13.06,11300,13.06
2016-06-23,11.29,11.80,11.20,11.20,800,11.20
2016-06-22,11.50,11.70,11.10,11.23,18200,11.23
2016-06-21,11.52,11.91,11.15,11.30,15200,11.30
2016-06-20,11.51,11.92,11.03,11.32,19900,11.32
2016-06-17,11.25,12.50,11.25,11.26,11100,11.26
2016-06-16,11.91,12.55,11.02,12.50,13700,12.50
2016-06-15,11.30,12.00,11.00,12.00,4200,12.00
2016-06-14,11.15,12.30,10.28,11.49,15300,11.49
2016-06-13,11.90,12.77,11.22,11.25,12600,11.25
2016-06-10,11.25,11.75,11.01,11.01,35000,11.01
2016-06-09,11.30,11.74,11.21,11.49,41800,11.49
2016-06-08,11.41,11.76,11.16,11.26,30100,11.26
2016-06-07,12.01,12.01,11.65,11.65,1100,11.65
2016-06-06,11.00,11.91,11.00,11.91,1800,11.91
2016-06-03,10.82,10.82,10.82,10.82,400,10.82
2016-06-02,10.50,10.80,10.49,10.49,500,10.49
2016-06-01,10.60,10.60,10.60,10.60,2700,10.60
2016-05-31,10.10,10.10,10.10,10.10,000,10.10
2016-05-27,10.50,10.50,10.09,10.10,700,10.10
2016-05-26,9.85,9.85,9.50,9.80,700,9.80
2016-05-25,9.00,9.00,9.00,9.00,1900,9.00
2016-05-24,8.10,8.75,8.10,8.75,500,8.75
2016-05-23,9.04,9.04,9.04,9.04,000,9.04
2016-05-20,9.04,9.04,9.04,9.04,000,9.04
2016-05-19,10.00,10.00,9.04,9.04,900,9.04
2016-05-18,11.00,11.00,10.03,10.03,900,10.03
2016-05-17,10.75,10.75,10.64,10.64,400,10.64
2016-05-16,10.50,10.50,10.15,10.50,1800,10.50
2016-05-13,9.86,9.87,9.86,9.87,500,9.87
2016-05-12,8.25,8.25,8.25,8.25,000,8.25
2016-05-11,8.25,8.25,8.25,8.25,000,8.25
2016-05-10,8.25,8.25,8.25,8.25,100,8.25
2016-05-09,8.25,8.25,8.25,8.25,000,8.25
2016-05-06,8.25,8.25,8.25,8.25,100,8.25
2016-05-05,8.50,8.50,8.50,8.50,000,8.50
2016-05-04,8.50,8.50,8.50,8.50,200,8.50
2016-05-03,8.25,8.25,8.25,8.25,000,8.25
2016-05-02,8.25,8.25,8.25,8.25,000,8.25
2016-04-29,8.25,8.25,8.25,8.25,000,8.25
2016-04-28,8.32,8.32,8.25,8.25,2300,8.25
2016-04-27,8.25,8.25,8.25,8.25,200,8.25
2016-04-26,8.01,8.01,8.01,8.01,000,8.01
2016-04-25,8.01,8.01,8.01,8.01,100,8.01
2016-04-22,8.50,8.50,8.50,8.50,600,8.50
2016-04-21,8.25,8.25,8.25,8.25,000,8.25
2016-04-20,8.25,8.25,8.25,8.25,000,8.25
2016-04-19,8.25,8.25,8.25,8.25,000,8.25
2016-04-18,8.25,8.25,8.25,8.25,000,8.25
2016-04-15,8.25,8.25,8.25,8.25,100,8.25
2016-04-14,8.25,8.25,8.25,8.25,600,8.25
2016-04-13,8.00,8.00,8.00,8.00,600,8.00
2016-04-12,8.00,8.00,8.00,8.00,100,8.00
2016-04-11,8.00,8.00,8.00,8.00,200,8.00
2016-04-08,7.00,7.00,7.00,7.00,200,7.00
2016-04-07,7.00,7.00,7.00,7.00,500,7.00
2016-04-06,7.12,7.12,7.12,7.12,400,7.12
2016-04-05,7.15,7.15,7.15,7.15,000,7.15
2016-04-04,7.15,7.15,7.15,7.15,200,7.15
2016-04-01,8.90,8.90,8.90,8.90,000,7.12
2016-03-31,8.90,8.90,8.90,8.90,000,7.12
2016-03-30,8.90,8.90,8.90,8.90,000,7.12
2016-03-29,8.15,8.95,8.15,8.90,4600,7.12
2016-03-28,8.10,8.10,8.10,8.10,300,6.48
2016-03-24,8.00,8.00,8.00,8.00,000,6.40
2016-03-23,8.00,8.00,8.00,8.00,000,6.40
2016-03-22,8.00,8.00,8.00,8.00,000,6.40
2016-03-21,8.00,8.00,8.00,8.00,000,6.40
2016-03-18,8.00,8.00,8.00,8.00,000,6.40
2016-03-17,8.00,8.00,8.00,8.00,000,6.40
2016-03-16,8.00,8.00,8.00,8.00,000,6.40
2016-03-15,7.96,8.00,7.96,8.00,1100,6.40
2016-03-14,7.40,7.40,7.40,7.40,000,5.92
2016-03-11,7.40,7.40,7.40,7.40,000,5.92
2016-03-10,7.40,7.40,7.40,7.40,000,5.92
2016-03-09,7.40,7.40,7.40,7.40,000,5.92
2016-03-08,7.40,7.40,7.40,7.40,000,5.92
2016-03-07,7.40,7.40,7.40,7.40,000,5.92
2016-03-04,7.40,7.40,7.40,7.40,000,5.92
2016-03-03,7.75,7.75,7.40,7.40,1400,5.92
2016-03-02,7.50,7.50,7.50,7.50,500,6.00
2016-03-01,7.75,7.75,7.75,7.75,000,6.20
2016-02-29,7.75,7.75,7.75,7.75,000,6.20
2016-02-26,8.00,8.00,7.75,7.75,900,6.20
2016-02-25,8.00,8.00,8.00,8.00,000,6.40
2016-02-24,8.04,8.04,7.96,8.00,500,6.40
2016-02-23,8.25,8.25,8.25,8.25,000,6.60
2016-02-22,8.25,8.25,8.25,8.25,000,6.60
2016-02-19,8.25,8.25,8.25,8.25,1000,6.60
2016-02-18,7.75,7.75,7.75,7.75,000,6.20
2016-02-17,7.75,7.75,7.75,7.75,000,6.20
2016-02-16,7.75,7.75,7.75,7.75,000,6.20
2016-02-12,7.75,7.75,7.75,7.75,000,6.20
2016-02-11,7.75,7.75,7.75,7.75,000,6.20
2016-02-10,7.56,7.75,7.52,7.75,900,6.20
2016-02-09,7.50,7.50,7.50,7.50,300,6.00
2016-02-08,7.25,7.25,7.10,7.10,1300,5.68
2016-02-05,7.00,7.00,7.00,7.00,000,5.60
2016-02-04,7.00,7.00,7.00,7.00,000,5.60
2016-02-03,7.00,7.00,7.00,7.00,500,5.60
2016-02-02,7.25,7.25,7.10,7.25,1600,5.80
2016-02-01,7.21,7.25,7.21,7.25,300,5.80
2016-01-29,7.00,7.00,7.00,7.00,000,5.60
2016-01-28,7.25,7.25,7.00,7.00,600,5.60
2016-01-27,7.25,7.25,7.25,7.25,000,5.80
2016-01-26,7.25,7.25,7.25,7.25,000,5.80
2016-01-25,7.25,7.25,7.25,7.25,000,5.80
2016-01-22,7.25,7.25,7.25,7.25,100,5.80
2016-01-21,7.25,7.25,7.25,7.25,000,5.80
2016-01-20,7.25,7.29,7.25,7.25,1400,5.80
2016-01-19,7.10,7.10,7.10,7.10,000,5.68
2016-01-15,7.10,7.10,7.10,7.10,000,5.68
2016-01-14,7.10,7.10,7.10,7.10,000,5.68
2016-01-13,7.50,7.50,7.10,7.10,2800,5.68
2016-01-12,7.50,7.50,7.50,7.50,000,6.00
2016-01-11,7.50,7.50,7.50,7.50,000,6.00
2016-01-08,7.50,7.50,7.50,7.50,000,6.00
2016-01-07,7.50,7.50,7.50,7.50,000,6.00
2016-01-06,7.50,7.50,7.50,7.50,800,6.00
2016-01-05,7.14,7.14,7.14,7.14,000,5.712
2016-01-04,7.14,7.14,7.14,7.14,000,5.712
2015-12-31,7.14,7.14,7.14,7.14,000,5.712
2015-12-30,7.45,7.45,7.10,7.14,500,5.712
2015-12-29,7.35,7.35,7.35,7.35,000,5.88
2015-12-28,7.35,7.35,7.35,7.35,000,5.88
2015-12-24,7.35,7.35,7.35,7.35,000,5.88
2015-12-23,7.65,7.65,7.06,7.35,6100,5.88
2015-12-22,8.10,8.10,7.25,7.50,1800,6.00
2015-12-21,8.25,8.25,8.25,8.25,000,6.60
2015-12-18,8.40,8.50,8.25,8.25,1500,6.60
2015-12-17,8.25,8.25,8.25,8.25,000,6.60
2015-12-16,8.25,8.25,8.25,8.25,900,6.60
2015-12-15,8.29,8.29,8.25,8.25,600,6.60
2015-12-14,8.50,8.50,8.50,8.50,000,6.80
2015-12-11,8.50,8.50,8.50,8.50,100,6.80
2015-12-10,8.50,8.50,8.50,8.50,000,6.80
2015-12-09,8.50,8.50,8.50,8.50,000,6.80
2015-12-08,8.50,8.50,8.50,8.50,800,6.80
2015-12-07,8.25,8.25,8.25,8.25,300,6.60
2015-12-04,8.00,8.00,8.00,8.00,000,6.40
2015-12-03,8.00,8.00,8.00,8.00,500,6.40
2015-12-02,8.25,8.25,8.25,8.25,000,6.60
2015-12-01,8.25,8.25,8.25,8.25,000,6.60
2015-11-30,8.00,8.25,8.00,8.25,3300,6.60
2015-11-27,8.25,8.25,8.25,8.25,000,6.60
2015-11-25,8.25,8.25,8.25,8.25,000,6.60
2015-11-24,8.25,8.25,8.25,8.25,000,6.60
2015-11-23,8.25,8.25,8.25,8.25,000,6.60
2015-11-20,8.21,8.25,8.21,8.25,800,6.60
2015-11-19,8.00,8.00,8.00,8.00,000,6.40
2015-11-18,8.00,8.00,8.00,8.00,400,6.40
2015-11-17,8.25,8.25,8.25,8.25,000,6.60
2015-11-16,8.29,8.29,8.25,8.25,300,6.60
2015-11-13,8.50,8.50,8.50,8.50,2500,6.80
2015-11-12,8.30,8.50,8.30,8.50,800,6.80
2015-11-11,8.00,8.00,8.00,8.00,000,6.40
2015-11-10,8.30,8.30,8.00,8.00,1300,6.40
2015-11-09,8.50,8.50,8.50,8.50,000,6.80
2015-11-06,8.50,8.50,8.50,8.50,800,6.80
2015-11-05,8.50,8.50,8.50,8.50,000,6.80
2015-11-04,8.50,8.50,8.50,8.50,000,6.80
2015-11-03,8.50,8.50,8.50,8.50,1300,6.80
2015-11-02,7.80,7.80,7.80,7.80,000,6.24
2015-10-30,7.80,7.80,7.80,7.80,000,6.24
2015-10-29,7.80,7.80,7.80,7.80,000,6.24
2015-10-28,7.80,7.80,7.80,7.80,000,6.24
2015-10-27,7.80,7.80,7.80,7.80,000,6.24
2015-10-26,7.80,7.80,7.80,7.80,000,6.24
2015-10-23,7.80,7.80,7.80,7.80,000,6.24
2015-10-22,7.80,7.80,7.80,7.80,300,6.24
2015-10-21,9.00,9.00,7.80,7.80,2800,6.24
2015-10-20,9.25,9.25,8.00,8.00,3500,6.40
2015-10-19,9.25,9.25,9.25,9.25,000,7.40
2015-10-16,9.25,9.25,9.25,9.25,000,7.40
2015-10-15,9.25,9.25,9.25,9.25,000,7.40
2015-10-14,9.25,9.25,9.25,9.25,000,7.40
2015-10-13,9.55,9.55,9.06,9.25,4600,7.40
2015-10-12,9.75,9.75,9.75,9.75,000,7.80
2015-10-09,9.90,9.90,9.75,9.75,1300,7.80
2015-10-08,10.00,10.00,10.00,10.00,000,8.00
2015-10-07,10.00,10.00,10.00,10.00,1000,8.00
2015-10-06,9.50,9.50,9.50,9.50,2100,7.60
2015-10-05,9.50,9.50,9.50,9.50,000,7.60
2015-10-02,9.04,9.50,9.04,9.50,4000,7.60
2015-10-01,9.00,9.00,9.00,9.00,000,7.20
2015-09-30,9.25,9.40,9.00,9.00,600,7.20
2015-09-29,9.00,9.00,9.00,9.00,900,7.20
2015-09-28,8.75,9.00,8.75,8.99,2100,7.192
2015-09-25,8.50,8.50,8.50,8.50,000,6.80
2015-09-24,8.80,8.80,8.32,8.50,800,6.80
2015-09-23,8.80,8.80,8.80,8.80,000,7.04
2015-09-22,8.80,8.80,8.80,8.80,300,7.04
2015-09-21,8.35,8.35,8.35,8.35,400,6.68
2015-09-18,7.50,9.00,7.50,9.00,300,7.20
2015-09-17,9.00,9.00,9.00,9.00,1300,7.20
2015-09-16,9.13,9.30,9.00,9.00,1900,7.20
2015-09-15,9.00,9.00,9.00,9.00,1300,7.20
2015-09-14,9.00,9.00,9.00,9.00,1400,7.20
2015-09-11,9.00,9.00,9.00,9.00,1300,7.20
2015-09-10,9.00,9.00,9.00,9.00,000,7.20
2015-09-09,8.50,9.00,8.50,9.00,600,7.20
2015-09-08,8.58,8.58,8.58,8.58,000,6.864
2015-09-04,8.58,8.58,8.58,8.58,300,6.864
2015-09-03,7.80,7.80,7.80,7.80,000,6.24
2015-09-02,8.50,8.50,7.80,7.80,3100,6.24
2015-09-01,8.00,8.00,8.00,8.00,000,6.40
2015-08-31,8.00,8.00,8.00,8.00,1300,6.40
2015-08-28,8.00,8.00,8.00,8.00,000,6.40
2015-08-27,8.00,8.00,8.00,8.00,900,6.40
2015-08-26,8.00,8.00,8.00,8.00,2500,6.40
2015-08-25,8.04,8.04,8.00,8.00,12100,6.40
2015-08-24,7.50,8.00,7.50,8.00,1900,6.40
2015-08-21,7.75,7.75,7.75,7.75,1600,6.20
2015-08-20,8.00,8.00,8.00,8.00,800,6.40
2015-08-19,7.20,7.20,7.20,7.20,000,5.76
2015-08-18,7.20,7.20,7.20,7.20,000,5.76
2015-08-17,7.20,7.20,7.20,7.20,000,5.76
2015-08-14,7.51,7.51,7.20,7.20,800,5.76
2015-08-13,7.50,7.50,7.50,7.50,000,6.00
2015-08-12,7.50,7.50,7.50,7.50,000,6.00
2015-08-11,7.50,7.50,7.50,7.50,000,6.00
2015-08-10,7.50,7.50,7.50,7.50,2500,6.00
2015-08-07,7.50,7.50,7.50,7.50,1000,6.00
2015-08-06,7.95,7.95,7.70,7.70,400,6.16
2015-08-05,7.80,7.80,7.75,7.75,300,6.20
2015-08-04,7.50,7.50,7.50,7.50,000,6.00
2015-08-03,7.50,7.50,7.50,7.50,000,6.00
2015-07-31,7.50,7.50,7.50,7.50,000,6.00
2015-07-30,7.50,7.50,7.50,7.50,000,6.00
2015-07-29,7.50,7.50,7.50,7.50,000,6.00
2015-07-28,7.50,7.50,7.50,7.50,300,6.00
2015-07-27,8.00,8.00,8.00,8.00,000,6.40
2015-07-24,8.00,8.00,8.00,8.00,000,6.40
2015-07-23,8.00,8.00,8.00,8.00,500,6.40
2015-07-22,8.00,8.00,8.00,8.00,000,6.40
2015-07-21,7.99,8.00,7.99,8.00,1300,6.40
2015-07-20,7.99,7.99,7.99,7.99,000,6.392
2015-07-17,7.99,7.99,7.99,7.99,300,6.392
2015-07-16,7.95,7.95,7.95,7.95,000,6.36
2015-07-15,8.25,8.25,7.95,7.95,400,6.36
2015-07-14,8.25,8.25,8.25,8.25,000,6.60
2015-07-13,8.25,8.25,8.25,8.25,400,6.60
2015-07-10,9.00,9.00,9.00,9.00,900,7.20
2015-07-09,8.50,9.00,8.50,8.50,25300,6.80
2015-07-08,8.00,8.00,8.00,8.00,000,6.40
2015-07-07,8.00,8.00,8.00,8.00,1000,6.40
2015-07-06,8.00,8.00,7.75,7.75,300,6.20
2015-07-02,8.55,8.55,8.55,8.55,000,6.84
2015-07-01,8.55,8.55,8.55,8.55,100,6.84
2015-06-30,9.00,9.00,8.40,8.40,1500,6.72
2015-06-29,9.16,9.16,9.16,9.16,000,7.328
2015-06-26,9.16,9.16,9.16,9.16,500,7.328
2015-06-25,7.75,8.00,7.75,8.00,400,6.40
2015-06-24,8.00,8.00,8.00,8.00,2600,6.40
2015-06-23,8.00,8.00,8.00,8.00,000,6.40
2015-06-22,8.00,8.00,8.00,8.00,000,6.40
2015-06-19,8.00,8.00,8.00,8.00,000,6.40
2015-06-18,8.00,8.00,8.00,8.00,100,6.40
2015-06-17,8.25,8.25,8.25,8.25,100,6.60
2015-06-16,8.12,8.12,8.12,8.12,100,6.496
2015-06-15,8.00,8.00,8.00,8.00,000,6.40
2015-06-12,8.00,8.00,8.00,8.00,000,6.40
2015-06-11,8.00,8.00,8.00,8.00,000,6.40
2015-06-10,8.00,8.00,8.00,8.00,500,6.40
2015-06-09,8.24,8.25,8.24,8.25,1900,6.60
2015-06-08,8.50,8.50,8.24,8.24,1500,6.592
2015-06-05,8.25,8.25,8.25,8.25,100,6.60
2015-06-04,8.00,8.00,8.00,8.00,300,6.40
2015-06-03,7.50,7.50,7.50,7.50,000,6.00
2015-06-02,7.50,7.50,7.50,7.50,000,6.00
2015-06-01,7.50,7.50,7.50,7.50,800,6.00
2015-05-29,7.50,7.50,7.50,7.50,000,6.00
2015-05-28,7.50,7.50,7.50,7.50,000,6.00
2015-05-27,7.00,7.50,7.00,7.50,4500,6.00
2015-05-26,6.55,6.55,6.00,6.50,3000,5.20
2015-05-22,6.50,6.51,6.50,6.51,300,5.208
2015-05-21,6.50,6.50,6.50,6.50,300,5.20
2015-05-20,6.50,6.50,6.00,6.00,1300,4.80
2015-05-19,6.54,6.54,6.54,6.54,000,5.232
2015-05-18,6.54,6.54,6.54,6.54,000,5.232
2015-05-15,6.54,6.54,6.54,6.54,000,5.232
2015-05-14,7.00,7.00,6.54,6.54,500,5.232
2015-05-13,7.50,7.50,6.95,7.00,5100,5.60
2015-05-12,7.50,7.50,7.50,7.50,000,6.00
2015-05-11,7.50,7.50,7.50,7.50,000,6.00
2015-05-08,7.50,7.50,7.50,7.50,900,6.00
2015-05-07,7.55,7.55,7.50,7.50,2800,6.00
2015-05-06,8.00,8.00,7.51,7.55,2800,6.04
2015-05-05,8.60,8.60,8.60,8.60,000,6.88
2015-05-04,8.60,8.60,8.60,8.60,000,6.88
2015-05-01,8.60,8.60,8.60,8.60,000,6.88
2015-04-30,8.60,8.60,8.60,8.60,1100,6.88
2015-04-29,8.60,8.60,8.60,8.60,000,6.88
2015-04-28,8.60,8.60,8.60,8.60,000,6.88
2015-04-27,8.60,8.60,8.60,8.60,000,6.88
2015-04-24,8.60,8.60,8.60,8.60,000,6.88
2015-04-23,8.60,8.60,8.60,8.60,000,6.88
2015-04-22,8.60,8.60,8.60,8.60,800,6.88
2015-04-21,8.60,8.60,8.60,8.60,300,6.88
2015-04-20,8.50,8.50,8.50,8.50,000,6.80
2015-04-17,8.05,8.50,8.05,8.50,900,6.80
2015-04-16,7.00,7.50,7.00,7.50,1800,6.00
2015-04-15,7.75,8.00,7.45,8.00,4300,6.40
2015-04-14,8.40,8.40,8.40,8.40,000,6.72
2015-04-13,8.40,8.40,8.40,8.40,000,6.72
2015-04-10,8.40,8.40,8.40,8.40,100,6.72
2015-04-09,8.40,8.40,8.40,8.40,100,6.72
2015-04-08,8.13,8.13,8.12,8.12,2500,6.496
2015-04-07,9.00,9.00,9.00,9.00,2500,7.20
2015-04-06,9.00,9.00,9.00,9.00,000,7.20
2015-04-02,9.00,9.00,9.00,9.00,000,7.20
2015-04-01,9.00,9.00,9.00,9.00,000,7.20
2015-03-31,8.13,9.00,8.13,9.00,500,7.20
2015-03-30,9.00,9.00,9.00,9.00,100,7.20
2015-03-27,9.00,9.00,9.00,9.00,000,7.20
2015-03-26,9.05,9.05,9.00,9.00,10400,7.20
2015-03-25,9.020001,9.020001,9.020001,9.020001,000,7.216001
2015-03-24,9.020001,9.020001,9.020001,9.020001,3000,7.216001
2015-03-23,9.00,9.00,9.00,9.00,100,7.20
2015-03-20,9.05,9.10,9.00,9.10,2600,7.28
2015-03-19,9.00,9.00,9.00,9.00,000,7.20
2015-03-18,9.00,9.00,9.00,9.00,000,7.20
2015-03-17,9.50,9.50,9.00,9.00,400,7.20
2015-03-16,9.00,9.00,9.00,9.00,100,7.20
2015-03-13,9.00,9.00,9.00,9.00,500,7.20
2015-03-12,9.00,9.00,9.00,9.00,500,7.20
2015-03-11,8.00,8.00,8.00,8.00,000,6.40
2015-03-10,8.00,8.00,7.50,8.00,9300,6.40
2015-03-09,9.00,9.00,9.00,9.00,300,7.20
2015-03-06,9.00,9.00,9.00,9.00,000,7.20
2015-03-05,9.75,9.75,9.00,9.00,1100,7.20
2015-03-04,9.00,10.600001,9.00,9.60,6800,7.68
2015-03-03,9.00,9.00,9.00,9.00,000,7.20
2015-03-02,10.00,10.00,9.00,9.00,1600,7.20
2015-02-27,10.26,10.26,10.00,10.00,400,8.00
2015-02-26,9.899999,10.25,9.00,10.25,1800,8.20
2015-02-25,8.00,9.00,8.00,9.00,300,7.20
2015-02-24,16.15,17.28,16.15,17.28,1300,6.912
2015-02-23,15.29,17.25,15.29,17.25,3300,6.90
2015-02-20,18.00,18.00,15.01,15.01,1300,6.004
2015-02-19,15.50,18.00,14.60,18.00,3800,7.20
2015-02-18,17.00,17.00,17.00,17.00,000,6.80
2015-02-17,17.00,17.00,17.00,17.00,000,6.80
2015-02-13,17.00,17.00,17.00,17.00,000,6.80
2015-02-12,17.00,17.00,17.00,17.00,1300,6.80
2015-02-11,16.50,16.50,16.50,16.50,000,6.60
2015-02-10,16.50,16.50,16.50,16.50,000,6.60
2015-02-09,16.120001,16.50,16.110001,16.50,3000,6.60
2015-02-06,17.00,18.00,17.00,18.00,7500,7.20
2015-02-05,16.00,16.00,16.00,16.00,000,6.40
2015-02-04,16.00,16.00,16.00,16.00,500,6.40
2015-02-03,15.00,15.00,14.50,14.50,1300,5.80
2015-02-02,14.75,14.75,14.75,14.75,2500,5.90
2015-01-30,14.75,14.75,14.75,14.75,3000,5.90
2015-01-29,14.75,14.75,14.75,14.75,000,5.90
2015-01-28,14.75,14.75,14.75,14.75,2000,5.90
2015-01-27,15.00,15.00,15.00,15.00,000,6.00
2015-01-26,15.00,15.00,15.00,15.00,1000,6.00
2015-01-23,14.90,14.90,14.90,14.90,000,5.96
2015-01-22,14.90,14.90,14.90,14.90,000,5.96
2015-01-21,14.90,14.90,14.90,14.90,000,5.96
2015-01-20,14.90,14.90,14.90,14.90,000,5.96
2015-01-16,14.75,14.90,14.75,14.90,1300,5.96
2015-01-15,14.90,14.90,14.75,14.75,1000,5.90
2015-01-14,14.80,14.80,14.80,14.80,000,5.92
2015-01-13,15.00,15.00,13.149999,14.80,2800,5.92
2015-01-12,16.600001,16.600001,14.00,15.00,3000,6.00
2015-01-09,16.50,16.50,16.50,16.50,1000,6.60
2015-01-08,15.899999,15.899999,15.899999,15.899999,500,6.36
2015-01-07,15.00,15.00,15.00,15.00,25000,6.00
2015-01-06,16.50,16.50,16.50,16.50,000,6.60
2015-01-05,16.50,16.50,16.50,16.50,000,6.60
2015-01-02,16.50,16.50,15.00,16.50,3300,6.60
2014-12-31,16.50,16.50,16.50,16.50,300,6.60
2014-12-30,16.049999,16.50,16.049999,16.50,3000,6.60
2014-12-29,16.00,16.50,16.00,16.50,11000,6.60
2014-12-26,14.75,15.75,14.75,15.75,2500,6.30
2014-12-24,14.75,14.75,14.75,14.75,300,5.90
2014-12-23,14.100001,14.99,14.100001,14.25,5500,5.70
2014-12-22,14.05,14.05,14.05,14.05,1000,5.62
2014-12-19,11.00,11.00,11.00,11.00,000,4.40
2014-12-18,11.619999,14.00,11.00,11.00,2000,4.40
2014-12-17,11.00,11.50,11.00,11.50,14800,4.60
2014-12-16,10.75,15.75,10.75,10.75,500,4.30
2014-12-15,9.00,9.00,9.00,9.00,3500,3.60
2014-12-12,8.25,8.25,8.25,8.25,239500,3.30
2014-12-11,8.50,8.50,8.50,8.50,000,3.40
2014-12-10,8.50,8.50,8.50,8.50,2300,3.40
2014-12-09,8.50,8.50,8.50,8.50,2800,3.40
2014-12-08,8.50,8.50,8.50,8.50,000,3.40
2014-12-05,8.50,8.50,8.50,8.50,1800,3.40
2014-12-04,8.50,8.50,8.50,8.50,000,3.40
2014-12-03,8.50,8.50,8.50,8.50,1300,3.40
2014-12-02,8.50,8.50,8.50,8.50,000,3.40
2014-12-01,8.50,8.50,8.50,8.50,12800,3.40
2014-11-28,8.00,8.00,8.00,8.00,000,3.20
2014-11-26,8.00,8.00,8.00,8.00,000,3.20
2014-11-25,8.00,8.00,8.00,8.00,000,3.20
2014-11-24,8.75,8.75,8.00,8.00,7500,3.20
2014-11-21,8.00,8.00,8.00,8.00,000,3.20
2014-11-20,8.00,8.00,7.50,8.00,2000,3.20
2014-11-19,9.00,9.00,9.00,9.00,000,3.60
2014-11-18,9.00,9.00,9.00,9.00,1500,3.60
2014-11-17,9.00,9.00,9.00,9.00,000,3.60
2014-11-14,9.00,9.00,9.00,9.00,2800,3.60
2014-11-13,8.90,9.00,8.90,9.00,20300,3.60
2014-11-12,9.00,9.00,9.00,9.00,000,3.60
2014-11-11,9.00,9.00,9.00,9.00,000,3.60
2014-11-10,9.00,9.00,9.00,9.00,15000,3.60
2014-11-07,8.50,9.00,8.50,9.00,1300,3.60
2014-11-06,8.50,8.50,8.50,8.50,000,3.40
2014-11-05,8.50,8.50,8.50,8.50,000,3.40
2014-11-04,8.50,8.50,8.50,8.50,000,3.40
2014-11-03,8.50,8.50,8.50,8.50,000,3.40
2014-10-31,8.50,8.50,8.50,8.50,000,3.40
2014-10-30,8.50,8.50,8.50,8.50,000,3.40
2014-10-29,8.50,8.50,8.50,8.50,000,3.40
2014-10-28,8.50,8.50,8.50,8.50,000,3.40
2014-10-27,8.50,8.50,8.50,8.50,6800,3.40
2014-10-24,8.649999,8.649999,8.649999,8.649999,800,3.46
2014-10-23,8.50,8.50,8.50,8.50,000,3.40
2014-10-22,8.50,8.50,8.50,8.50,000,3.40
2014-10-21,8.50,8.50,8.50,8.50,000,3.40
2014-10-20,8.50,8.50,8.50,8.50,000,3.40
2014-10-17,8.50,8.50,8.50,8.50,000,3.40
2014-10-16,8.50,8.50,8.50,8.50,000,3.40
2014-10-15,8.50,8.50,8.50,8.50,500,3.40
2014-10-14,9.00,9.00,9.00,9.00,000,3.60
2014-10-13,9.00,9.00,9.00,9.00,5300,3.60
2014-10-10,9.50,9.50,9.50,9.50,000,3.80
2014-10-09,9.50,9.50,9.50,9.50,000,3.80
2014-10-08,9.50,9.50,9.50,9.50,000,3.80
2014-10-07,9.50,9.50,9.50,9.50,000,3.80
2014-10-06,9.50,9.50,9.50,9.50,000,3.80
2014-10-03,9.50,9.50,9.50,9.50,000,3.80
2014-10-02,9.50,9.50,9.50,9.50,300,3.80
2014-10-01,9.00,9.00,9.00,9.00,000,3.60
2014-09-30,10.00,10.00,9.00,9.00,6800,3.60
2014-09-29,9.10,10.00,9.10,10.00,800,4.00
2014-09-26,9.10,9.10,8.50,8.50,301300,3.40
2014-09-25,8.75,8.75,8.75,8.75,500,3.50
2014-09-24,8.75,8.75,8.75,8.75,800,3.50
2014-09-23,9.09,9.10,8.75,8.75,8000,3.50
2014-09-22,8.75,8.75,8.75,8.75,000,3.50
2014-09-19,8.75,8.75,8.75,8.75,000,3.50
2014-09-18,8.75,8.75,8.75,8.75,000,3.50
2014-09-17,8.75,8.75,8.75,8.75,000,3.50
2014-09-16,8.75,8.75,8.75,8.75,000,3.50
2014-09-15,8.75,8.75,8.75,8.75,000,3.50
2014-09-12,8.75,8.75,8.75,8.75,000,3.50
2014-09-11,8.75,8.75,8.75,8.75,000,3.50
2014-09-10,8.75,8.75,8.75,8.75,000,3.50
2014-09-09,8.75,8.75,8.75,8.75,500,3.50
2014-09-08,8.75,10.00,8.75,10.00,500,4.00
2014-09-05,8.25,8.25,8.25,8.25,000,3.30
2014-09-04,8.850001,8.850001,8.25,8.25,1000,3.30
2014-09-03,10.00,10.00,10.00,10.00,000,4.00
2014-09-02,10.00,10.00,10.00,10.00,000,4.00
2014-08-29,10.00,10.00,10.00,10.00,500,4.00
2014-08-28,10.00,10.00,10.00,10.00,000,4.00
2014-08-27,10.00,10.00,10.00,10.00,4500,4.00
2014-08-26,9.399999,9.399999,9.399999,9.399999,000,3.76
2014-08-25,9.399999,9.399999,9.399999,9.399999,000,3.76
2014-08-22,10.00,10.00,9.399999,9.399999,1800,3.76
2014-08-21,9.50,9.50,9.50,9.50,000,3.80
2014-08-20,9.50,9.50,9.50,9.50,000,3.80
2014-08-19,9.50,9.50,9.50,9.50,300,3.80
2014-08-18,9.00,9.00,9.00,9.00,300,3.60
2014-08-15,8.00,8.80,8.00,8.80,241000,3.52
2014-08-14,8.00,8.00,8.00,8.00,2500,3.20
2014-08-13,8.00,8.50,8.00,8.40,9300,3.36
2014-08-12,7.75,7.75,7.75,7.75,000,3.10
2014-08-11,7.75,7.75,7.75,7.75,000,3.10
2014-08-08,7.75,7.75,7.75,7.75,2500,3.10
2014-08-07,7.75,7.75,7.75,7.75,500,3.10
2014-08-06,8.00,8.00,8.00,8.00,000,3.20
2014-08-05,8.25,8.25,7.50,8.00,2300,3.20
2014-08-04,7.50,8.25,7.50,8.25,800,3.30
2014-08-01,7.99,7.99,7.99,7.99,000,3.196
2014-07-31,7.99,7.99,7.99,7.99,000,3.196
2014-07-30,8.00,8.00,7.99,7.99,800,3.196
2014-07-29,8.00,8.00,8.00,8.00,000,3.20
2014-07-28,8.00,8.00,8.00,8.00,300,3.20
2014-07-25,8.00,8.00,8.00,8.00,000,3.20
2014-07-24,8.00,8.00,8.00,8.00,000,3.20
2014-07-23,8.00,8.00,8.00,8.00,000,3.20
2014-07-22,8.00,8.00,8.00,8.00,1000,3.20
2014-07-21,7.50,7.50,7.50,7.50,000,3.00
2014-07-18,7.50,7.50,7.50,7.50,000,3.00
2014-07-17,7.50,7.50,7.50,7.50,000,3.00
2014-07-16,7.50,7.50,7.50,7.50,000,3.00
2014-07-15,7.50,7.50,7.50,7.50,000,3.00
2014-07-14,7.50,7.50,7.50,7.50,000,3.00
2014-07-11,7.50,7.50,7.50,7.50,1000,3.00
2014-07-10,7.50,7.50,7.50,7.50,000,3.00
2014-07-09,7.50,7.50,7.50,7.50,500,3.00
2014-07-08,7.50,7.50,7.50,7.50,6000,3.00
2014-07-07,8.100001,8.100001,8.100001,8.100001,000,3.24
2014-07-03,8.100001,8.100001,8.100001,8.100001,000,3.24
2014-07-02,8.100001,8.100001,8.100001,8.100001,000,3.24
2014-07-01,8.100001,8.100001,8.100001,8.100001,000,3.24
2014-06-30,8.100001,8.100001,8.100001,8.100001,000,3.24
2014-06-27,8.100001,8.100001,8.100001,8.100001,000,3.24
2014-06-26,8.100001,8.100001,8.100001,8.100001,000,3.24
2014-06-25,8.25,8.25,7.50,8.100001,15500,3.24
2014-06-24,8.25,8.25,8.25,8.25,3000,3.30
2014-06-23,9.25,9.25,9.25,9.25,300,3.70
2014-06-20,9.00,9.00,9.00,9.00,2800,3.60
2014-06-19,9.00,9.00,9.00,9.00,000,3.60
2014-06-18,9.00,9.00,9.00,9.00,000,3.60
2014-06-17,9.00,9.00,9.00,9.00,500,3.60
2014-06-16,8.649999,8.649999,8.649999,8.649999,500,3.46
2014-06-13,7.50,8.00,7.50,8.00,56800,3.20
2014-06-12,7.75,7.75,7.75,7.75,1000,3.10
2014-06-11,8.01,8.01,8.01,8.01,000,3.204
2014-06-10,8.50,8.50,8.01,8.01,7800,3.204
2014-06-09,9.25,9.25,8.50,8.50,8800,3.40
2014-06-06,10.00,10.50,10.00,10.00,10300,4.00
2014-06-05,10.50,10.50,10.00,10.50,3500,4.20
2014-06-04,10.00,11.00,10.00,10.50,18800,4.20
2014-06-03,9.00,9.00,9.00,9.00,000,3.60
2014-06-02,8.99,9.00,8.99,9.00,1500,3.60
2014-05-30,7.00,9.00,7.00,8.00,18300,3.20
2014-05-29,22.50,25.00,22.450001,25.00,26000,2.50
2014-05-28,22.50,22.50,22.50,22.50,000,2.25
2014-05-27,20.999999,22.50,20.999999,22.50,12000,2.25
2014-05-23,22.490001,22.490001,20.999999,20.999999,2000,2.10
2014-05-22,20.00,20.00,20.00,20.00,000,2.00
2014-05-21,20.00,20.00,20.00,20.00,000,2.00
2014-05-20,20.00,21.500001,20.00,20.00,3000,2.00
2014-05-19,20.00,20.00,20.00,20.00,43000,2.00
2014-05-16,18.00,18.00,18.00,18.00,000,1.80
2014-05-15,18.00,18.00,18.00,18.00,000,1.80
2014-05-14,18.00,18.00,18.00,18.00,000,1.80
2014-05-13,18.00,18.00,18.00,18.00,1000,1.80
2014-05-12,18.00,18.00,18.00,18.00,000,1.80
2014-05-09,18.00,18.00,18.00,18.00,000,1.80
2014-05-08,18.00,18.00,18.00,18.00,000,1.80
2014-05-07,18.00,18.00,18.00,18.00,000,1.80
2014-05-06,18.00,18.00,18.00,18.00,1000,1.80
2014-05-05,17.049999,17.049999,17.049999,17.049999,1000,1.705
2014-05-02,18.00,18.00,18.00,18.00,000,1.80
2014-05-01,18.00,18.00,18.00,18.00,3000,1.80
2014-04-30,18.00,18.00,17.00,17.42,10000,1.742
2014-04-29,20.00,20.00,20.00,20.00,000,2.00
2014-04-28,20.00,20.00,20.00,20.00,000,2.00
2014-04-25,20.00,20.00,20.00,20.00,000,2.00
2014-04-24,20.00,20.00,20.00,20.00,7000,2.00
2014-04-23,20.00,20.00,20.00,20.00,000,2.00
2014-04-22,20.00,20.00,20.00,20.00,3000,2.00
2014-04-21,20.00,20.00,20.00,20.00,000,2.00
2014-04-17,20.00,20.00,20.00,20.00,000,2.00
2014-04-16,20.00,20.00,20.00,20.00,000,2.00
2014-04-15,20.00,20.00,20.00,20.00,000,2.00
2014-04-14,20.00,20.00,20.00,20.00,5000,2.00
2014-04-11,19.00,19.00,19.00,19.00,1000,1.90
2014-04-10,19.00,19.00,19.00,19.00,16000,1.90
2014-04-09,15.00,15.00,15.00,15.00,2000,1.50
2014-04-08,17.25,18.00,17.00,17.00,15000,1.70
2014-04-07,15.00,15.00,15.00,15.00,000,1.50
2014-04-04,15.00,15.00,15.00,15.00,47000,1.50
2014-04-03,16.00,16.00,16.00,16.00,5000,1.60
2014-04-02,15.00,15.00,15.00,15.00,36000,1.50
2014-04-01,15.00,15.00,15.00,15.00,25000,1.50
2014-03-31,13.50,15.00,13.50,14.00,140000,1.40
2014-03-28,12.25,12.25,12.25,12.25,000,1.225
2014-03-27,12.25,12.25,12.25,12.25,000,1.225
2014-03-26,12.25,12.25,12.25,12.25,000,1.225
2014-03-25,12.25,12.25,12.25,12.25,000,1.225
2014-03-24,12.25,12.25,12.25,12.25,000,1.225
2014-03-21,12.25,12.25,12.25,12.25,000,1.225
2014-03-20,12.25,12.25,12.25,12.25,000,1.225
2014-03-19,12.25,12.25,12.25,12.25,33000,1.225
2014-03-18,12.25,12.25,12.25,12.25,13000,1.225
2014-03-17,12.27,12.27,12.27,12.27,000,1.227
2014-03-14,12.27,12.27,12.27,12.27,000,1.227
2014-03-13,12.27,12.27,12.27,12.27,000,1.227
2014-03-12,12.27,12.27,12.27,12.27,000,1.227
2014-03-11,12.27,12.27,12.27,12.27,000,1.227
2014-03-10,12.27,12.27,12.27,12.27,2000,1.227
2014-03-07,12.00,12.00,12.00,12.00,000,1.20
2014-03-06,11.98,12.00,11.98,12.00,3000,1.20
2014-03-05,10.00,10.00,10.00,10.00,000,1.00
2014-03-04,10.00,10.00,10.00,10.00,4000,1.00
2014-03-03,10.020001,10.020001,10.020001,10.020001,000,1.002
2014-02-28,10.020001,10.020001,10.020001,10.020001,000,1.002
2014-02-27,10.020001,10.020001,10.020001,10.020001,000,1.002
2014-02-26,10.020001,10.020001,10.020001,10.020001,000,1.002
2014-02-25,10.020001,10.020001,10.020001,10.020001,000,1.002
2014-02-24,10.020001,10.020001,10.020001,10.020001,000,1.002
2014-02-21,10.020001,10.020001,10.020001,10.020001,1000,1.002
2014-02-20,10.00,10.00,10.00,10.00,000,1.00
2014-02-19,10.00,10.00,10.00,10.00,000,1.00
2014-02-18,10.00,10.00,10.00,10.00,000,1.00
2014-02-14,10.00,10.00,10.00,10.00,000,1.00
2014-02-13,10.00,10.00,10.00,10.00,000,1.00
2014-02-12,10.00,10.00,10.00,10.00,000,1.00
2014-02-11,10.00,10.00,10.00,10.00,1000,1.00
2014-02-10,10.00,10.00,10.00,10.00,000,1.00
2014-02-07,10.00,10.00,10.00,10.00,000,1.00
2014-02-06,10.00,10.00,10.00,10.00,000,1.00
2014-02-05,10.00,10.00,10.00,10.00,000,1.00
2014-02-04,10.00,10.00,10.00,10.00,000,1.00
2014-02-03,10.00,10.00,10.00,10.00,000,1.00
2014-01-31,10.00,10.00,10.00,10.00,000,1.00
2014-01-30,10.00,10.00,10.00,10.00,5000,1.00
2014-01-29,12.00,12.00,12.00,12.00,000,1.20
2014-01-28,12.00,12.00,12.00,12.00,000,1.20
2014-01-27,12.00,12.00,12.00,12.00,000,1.20
2014-01-24,12.00,12.00,12.00,12.00,000,1.20
2014-01-23,12.00,12.00,12.00,12.00,000,1.20
2014-01-22,12.00,12.00,12.00,12.00,000,1.20
2014-01-21,12.00,12.00,12.00,12.00,000,1.20
2014-01-17,12.00,12.00,12.00,12.00,000,1.20
2014-01-16,12.00,12.00,12.00,12.00,000,1.20
2014-01-15,12.00,13.00,12.00,12.00,23000,1.20
2014-01-14,10.00,10.00,10.00,10.00,000,1.00
2014-01-13,10.00,10.00,10.00,10.00,1000,1.00
2014-01-10,15.00,15.00,15.00,15.00,000,1.50
2014-01-09,15.00,15.00,15.00,15.00,6000,1.50
2014-01-08,14.100001,15.00,14.00,15.00,23000,1.50
2014-01-07,12.00,14.00,12.00,14.00,7000,1.40
2014-01-06,9.95,10.75,9.95,10.75,26000,1.075
2014-01-03,8.50,9.95,8.50,9.95,17000,0.995
2014-01-02,7.50,7.50,7.50,7.50,000,0.75
2013-12-31,7.50,7.50,7.50,7.50,000,0.75
2013-12-30,7.50,7.50,7.50,7.50,000,0.75
2013-12-27,7.50,7.50,7.50,7.50,000,0.75
2013-12-26,7.50,7.50,7.50,7.50,000,0.75
2013-12-24,7.50,7.50,7.50,7.50,2000,0.75
2013-12-23,7.50,7.50,7.50,7.50,000,0.75
2013-12-20,7.50,7.50,7.50,7.50,000,0.75
2013-12-19,7.50,7.50,7.50,7.50,000,0.75
2013-12-18,7.50,7.50,7.50,7.50,000,0.75
2013-12-17,7.50,7.50,7.50,7.50,000,0.75
2013-12-16,7.50,7.50,7.50,7.50,000,0.75
2013-12-13,7.50,7.50,7.50,7.50,000,0.75
2013-12-12,7.50,7.50,7.50,7.50,4000,0.75
2013-12-11,9.95,9.95,9.95,9.95,000,0.995
2013-12-10,9.95,9.95,9.95,9.95,000,0.995
2013-12-09,9.95,9.95,9.95,9.95,3000,0.995
2013-12-06,10.00,10.00,10.00,10.00,4000,1.00
2013-12-05,8.00,8.00,8.00,8.00,2000,0.80
2013-12-04,7.50,7.50,7.50,7.50,000,0.75
2013-12-03,7.50,7.50,7.50,7.50,000,0.75
2013-12-02,7.50,7.50,7.50,7.50,000,0.75
2013-11-29,7.50,7.50,7.50,7.50,000,0.75
2013-11-27,7.50,7.50,7.50,7.50,000,0.75
2013-11-26,7.50,7.50,7.50,7.50,70000,0.75
2013-11-25,8.00,8.00,7.50,8.00,38000,0.80
2013-11-22,9.00,9.00,9.00,9.00,000,0.90
2013-11-21,9.00,9.00,9.00,9.00,000,0.90
2013-11-20,9.00,9.00,9.00,9.00,000,0.90
2013-11-19,9.00,9.00,9.00,9.00,000,0.90
2013-11-18,9.00,9.00,9.00,9.00,000,0.90
2013-11-15,9.00,9.00,9.00,9.00,000,0.90
2013-11-14,9.00,9.00,9.00,9.00,000,0.90
2013-11-13,9.00,9.00,9.00,9.00,000,0.90
2013-11-12,9.00,9.00,9.00,9.00,000,0.90
2013-11-11,9.00,9.00,9.00,9.00,000,0.90
2013-11-08,9.00,9.00,9.00,9.00,5000,0.90
2013-11-07,9.020001,9.020001,9.020001,9.020001,000,0.902
2013-11-06,9.020001,9.020001,9.020001,9.020001,2000,0.902
2013-11-05,9.75,9.75,9.75,9.75,000,0.975
2013-11-04,10.00,10.00,9.75,9.75,3000,0.975
2013-11-01,10.00,10.00,10.00,10.00,000,1.00
2013-10-31,10.00,10.00,10.00,10.00,000,1.00
2013-10-30,12.00,12.00,10.00,10.00,3000,1.00
2013-10-29,12.00,12.00,12.00,12.00,000,1.20
2013-10-28,12.00,12.00,12.00,12.00,000,1.20
2013-10-25,12.00,12.00,12.00,12.00,000,1.20
2013-10-24,12.00,12.00,12.00,12.00,000,1.20
2013-10-23,12.00,12.00,12.00,12.00,000,1.20
2013-10-22,12.00,12.00,12.00,12.00,000,1.20
2013-10-21,12.00,12.00,12.00,12.00,000,1.20
2013-10-18,12.00,12.00,12.00,12.00,000,1.20
2013-10-17,12.00,12.00,12.00,12.00,18000,1.20
2013-10-16,10.699999,15.00,10.699999,13.95,39000,1.395
2013-10-15,10.75,10.75,10.75,10.75,10000,1.075
2013-10-14,11.10,11.10,11.10,11.10,000,1.11
2013-10-11,11.10,11.10,11.10,11.10,16000,1.11
2013-10-10,11.00,11.00,11.00,11.00,000,1.10
2013-10-09,11.00,11.00,11.00,11.00,000,1.10
2013-10-08,11.00,11.00,11.00,11.00,000,1.10
2013-10-07,11.20,11.25,11.00,11.00,24000,1.10
2013-10-04,11.15,11.15,11.15,11.15,25000,1.115
2013-10-03,11.25,11.25,11.25,11.25,000,1.125
2013-10-02,11.25,11.25,11.25,11.25,000,1.125
2013-10-01,11.25,11.25,11.25,11.25,000,1.125
2013-09-30,11.25,11.25,11.25,11.25,10000,1.125
2013-09-27,10.52,10.52,10.52,10.52,1000,1.052
2013-09-26,10.50,10.50,10.50,10.50,000,1.05
2013-09-25,10.50,10.50,10.50,10.50,000,1.05
2013-09-24,11.20,11.20,10.50,10.50,7000,1.05
2013-09-23,9.00,9.00,9.00,9.00,000,0.90
2013-09-20,9.00,9.00,9.00,9.00,000,0.90
2013-09-19,9.00,9.00,9.00,9.00,1000,0.90
2013-09-18,10.50,10.50,8.50,9.25,21000,0.925
2013-09-17,11.50,11.50,11.50,11.50,000,1.15
2013-09-16,11.50,11.50,11.50,11.50,000,1.15
2013-09-13,11.50,11.50,11.50,11.50,000,1.15
2013-09-12,11.50,11.50,11.50,11.50,1000,1.15
2013-09-11,10.50,10.50,10.50,10.50,000,1.05
2013-09-10,10.50,10.50,10.50,10.50,000,1.05
2013-09-09,10.50,10.50,10.50,10.50,000,1.05
2013-09-06,10.50,10.50,10.50,10.50,000,1.05
2013-09-05,10.50,10.50,10.50,10.50,000,1.05
2013-09-04,10.50,10.50,10.50,10.50,000,1.05
2013-09-03,10.50,10.50,10.50,10.50,000,1.05
2013-08-30,10.50,10.50,10.50,10.50,000,1.05
2013-08-29,10.50,10.50,10.50,10.50,000,1.05
2013-08-28,10.50,10.50,10.50,10.50,000,1.05
2013-08-27,10.50,10.50,10.50,10.50,2000,1.05
2013-08-26,11.50,11.50,11.50,11.50,000,1.15
2013-08-23,11.00,11.50,11.00,11.50,24000,1.15
2013-08-22,11.00,11.00,11.00,11.00,000,1.10
2013-08-21,11.00,11.00,11.00,11.00,000,1.10
2013-08-20,11.00,11.00,11.00,11.00,000,1.10
2013-08-19,11.00,11.00,11.00,11.00,000,1.10
2013-08-16,11.00,11.00,11.00,11.00,000,1.10
2013-08-15,11.00,11.00,11.00,11.00,000,1.10
2013-08-14,11.00,11.00,11.00,11.00,000,1.10
2013-08-13,11.00,11.00,11.00,11.00,3000,1.10
2013-08-12,11.00,11.00,11.00,11.00,000,1.10
2013-08-09,11.00,11.00,11.00,11.00,000,1.10
2013-08-08,11.00,11.00,11.00,11.00,000,1.10
2013-08-07,11.00,11.00,11.00,11.00,000,1.10
2013-08-06,11.00,11.00,11.00,11.00,000,1.10
2013-08-05,11.00,11.00,11.00,11.00,000,1.10
2013-08-02,11.00,11.00,11.00,11.00,2000,1.10
2013-08-01,11.00,11.00,11.00,11.00,000,1.10
2013-07-31,11.00,11.00,11.00,11.00,2000,1.10
2013-07-30,11.00,11.00,11.00,11.00,2000,1.10
2013-07-29,11.00,11.00,11.00,11.00,2000,1.10
2013-07-26,11.00,11.00,11.00,11.00,2000,1.10
2013-07-25,11.00,11.00,11.00,11.00,1000,1.10
2013-07-24,11.00,11.00,11.00,11.00,000,1.10
2013-07-23,11.00,11.00,11.00,11.00,000,1.10
2013-07-22,12.00,12.00,11.00,11.00,11000,1.10
2013-07-19,13.50,13.50,13.50,13.50,000,1.35
2013-07-18,13.50,13.50,13.50,13.50,000,1.35
2013-07-17,13.50,13.50,13.50,13.50,000,1.35
2013-07-16,13.50,13.50,13.50,13.50,000,1.35
2013-07-15,13.50,13.50,13.50,13.50,000,1.35
2013-07-12,13.50,13.50,13.50,13.50,1000,1.35
2013-07-11,13.50,13.50,13.50,13.50,4000,1.35
2013-07-10,13.50,13.50,13.50,13.50,000,1.35
2013-07-09,13.50,13.50,13.50,13.50,000,1.35
2013-07-08,13.50,13.50,13.50,13.50,000,1.35
2013-07-05,13.50,13.50,13.50,13.50,000,1.35
2013-07-03,13.50,13.50,13.50,13.50,000,1.35
2013-07-02,13.50,13.50,13.50,13.50,000,1.35
2013-07-01,13.50,13.50,13.50,13.50,000,1.35
2013-06-28,13.50,13.50,13.50,13.50,000,1.35
2013-06-27,13.50,13.50,13.50,13.50,000,1.35
2013-06-26,13.50,13.50,13.50,13.50,000,1.35
2013-06-25,13.50,13.50,13.50,13.50,000,1.35
2013-06-24,13.50,13.50,13.50,13.50,1000,1.35
2013-06-21,14.00,14.00,14.00,14.00,000,1.40
2013-06-20,14.00,14.00,14.00,14.00,1000,1.40
2013-06-19,14.25,14.25,14.25,14.25,000,1.425
2013-06-18,14.25,14.25,14.25,14.25,000,1.425
2013-06-17,14.25,14.25,14.25,14.25,000,1.425
2013-06-14,14.28,14.28,14.25,14.25,7000,1.425
2013-06-13,14.20,14.25,14.20,14.25,13000,1.425
2013-06-12,14.00,14.00,14.00,14.00,000,1.40
2013-06-11,13.00,14.00,13.00,14.00,16000,1.40
2013-06-10,12.50,12.50,12.50,12.50,000,1.25
2013-06-07,12.50,13.00,12.50,12.50,17000,1.25
2013-06-06,12.50,12.50,12.50,12.50,1000,1.25
2013-06-05,12.50,12.50,12.50,12.50,000,1.25
2013-06-04,12.50,12.50,12.50,12.50,000,1.25
2013-06-03,13.00,13.00,12.50,12.50,7000,1.25
2013-05-31,12.00,12.50,12.00,12.50,5000,1.25
2013-05-30,11.25,12.00,11.25,12.00,6000,1.20
2013-05-29,11.00,11.00,11.00,11.00,4000,1.10
2013-05-28,10.00,10.50,10.00,10.00,25000,1.00
2013-05-24,11.00,11.00,11.00,11.00,000,1.10
2013-05-23,11.00,11.00,11.00,11.00,000,1.10
2013-05-22,9.25,11.00,9.00,11.00,340000,1.10
2013-05-21,9.25,9.25,9.25,9.25,1000,0.925
2013-05-20,10.00,10.00,10.00,10.00,000,1.00
2013-05-17,10.00,10.00,10.00,10.00,2000,1.00
2013-05-16,11.00,11.00,11.00,11.00,000,1.10
2013-05-15,11.05,11.05,9.00,11.00,25000,1.10
2013-05-14,12.00,12.00,12.00,12.00,000,1.20
2013-05-13,12.02,12.02,12.00,12.00,3000,1.20
2013-05-10,12.02,12.02,12.02,12.02,000,1.202
2013-05-09,12.02,12.02,12.02,12.02,000,1.202
2013-05-08,12.00,12.02,12.00,12.02,15000,1.202
2013-05-07,12.38,12.38,12.38,12.38,000,1.238
2013-05-06,12.38,12.38,12.38,12.38,000,1.238
2013-05-03,12.38,12.38,12.38,12.38,000,1.238
2013-05-02,12.38,12.38,12.38,12.38,000,1.238
2013-05-01,12.38,12.38,12.38,12.38,000,1.238
2013-04-30,12.38,12.38,12.38,12.38,5000,1.238
2013-04-29,12.00,12.00,12.00,12.00,000,1.20
2013-04-26,11.899999,12.00,11.899999,12.00,12000,1.20
2013-04-25,13.00,13.00,11.05,11.10,14000,1.11
2013-04-24,13.25,13.25,13.25,13.25,000,1.325
2013-04-23,13.25,13.25,13.25,13.25,000,1.325
2013-04-22,13.25,13.25,13.25,13.25,5000,1.325
2013-04-19,14.25,14.25,12.76,13.25,20000,1.325
2013-04-18,14.00,14.00,14.00,14.00,000,1.40
2013-04-17,14.00,14.00,14.00,14.00,000,1.40
2013-04-16,14.00,14.00,14.00,14.00,000,1.40
2013-04-15,14.00,14.00,14.00,14.00,000,1.40
2013-04-12,13.50,14.00,13.50,14.00,7000,1.40
2013-04-11,14.00,14.00,14.00,14.00,1000,1.40
2013-04-10,13.50,13.50,13.50,13.50,000,1.35
2013-04-09,13.50,13.50,13.50,13.50,4000,1.35
2013-04-08,13.399999,13.399999,13.399999,13.399999,000,1.34
2013-04-05,13.399999,13.399999,13.399999,13.399999,000,1.34
2013-04-04,13.399999,13.399999,13.399999,13.399999,000,1.34
2013-04-03,13.399999,13.399999,13.399999,13.399999,000,1.34
2013-04-02,13.399999,13.399999,13.399999,13.399999,000,1.34
2013-04-01,13.399999,13.399999,13.399999,13.399999,000,1.34
2013-03-28,13.399999,13.399999,13.399999,13.399999,000,1.34
2013-03-27,13.399999,13.399999,13.399999,13.399999,1000,1.34
2013-03-26,13.22,13.399999,13.22,13.399999,6000,1.34
2013-03-25,13.199999,13.199999,13.199999,13.199999,1000,1.32
2013-03-22,13.50,13.50,13.50,13.50,000,1.35
2013-03-21,13.50,13.50,13.50,13.50,000,1.35
2013-03-20,13.75,13.75,13.50,13.50,2000,1.35
2013-03-19,13.75,13.75,13.75,13.75,1000,1.375
2013-03-18,13.85,13.85,13.85,13.85,000,1.385
2013-03-15,13.85,13.85,13.85,13.85,000,1.385
2013-03-14,13.85,13.85,13.85,13.85,000,1.385
2013-03-13,13.83,13.85,13.83,13.85,2000,1.385
2013-03-12,14.00,14.00,13.50,13.50,25000,1.35
2013-03-11,13.98,14.00,13.98,14.00,22000,1.40
2013-03-08,13.75,13.78,13.75,13.78,11000,1.378
2013-03-07,14.06,14.100001,14.06,14.100001,20000,1.41
2013-03-06,14.00,14.00,14.00,14.00,000,1.40
2013-03-05,14.00,14.00,14.00,14.00,21000,1.40
2013-03-04,14.00,14.00,14.00,14.00,000,1.40
2013-03-01,14.00,14.00,14.00,14.00,2000,1.40
2013-02-28,13.430001,15.21,13.430001,14.00,22000,1.40
2013-02-27,13.45,13.45,13.45,13.45,1000,1.345
2013-02-26,11.75,11.75,11.75,11.75,000,1.175
2013-02-25,11.75,11.75,11.75,11.75,000,1.175
2013-02-22,11.75,11.75,11.75,11.75,000,1.175
2013-02-21,11.75,11.75,11.75,11.75,000,1.175
2013-02-20,11.75,11.75,11.75,11.75,000,1.175
2013-02-19,11.75,11.75,11.75,11.75,000,1.175
2013-02-15,11.75,11.75,11.75,11.75,000,1.175
2013-02-14,11.75,11.75,11.75,11.75,000,1.175
2013-02-13,11.75,11.75,11.75,11.75,000,1.175
2013-02-12,11.75,11.75,11.75,11.75,3000,1.175
2013-02-11,11.50,11.50,11.50,11.50,000,1.15
2013-02-08,11.50,11.50,11.50,11.50,000,1.15
2013-02-07,11.50,11.50,11.50,11.50,000,1.15
2013-02-06,11.50,11.50,11.50,11.50,000,1.15
2013-02-05,11.50,11.50,11.50,11.50,000,1.15
2013-02-04,11.50,11.50,11.50,11.50,000,1.15
2013-02-01,11.50,11.50,11.50,11.50,000,1.15
2013-01-31,11.48,11.50,11.48,11.50,3000,1.15
2013-01-30,11.00,11.00,11.00,11.00,000,1.10
2013-01-29,10.95,11.00,10.95,11.00,72000,1.10
2013-01-28,10.50,10.50,10.50,10.50,40000,1.05
2013-01-25,10.50,10.50,10.50,10.50,000,1.05
2013-01-24,10.50,10.50,10.50,10.50,000,1.05
2013-01-23,10.00,10.50,10.00,10.50,11000,1.05
2013-01-22,10.00,10.00,10.00,10.00,000,1.00
2013-01-18,9.95,10.00,9.95,10.00,99000,1.00
2013-01-17,9.50,9.50,9.50,9.50,000,0.95
2013-01-16,9.50,9.50,9.50,9.50,000,0.95
2013-01-15,9.50,9.50,9.50,9.50,000,0.95
2013-01-14,9.50,9.50,9.50,9.50,000,0.95
2013-01-11,9.50,9.50,9.50,9.50,2000,0.95
2013-01-10,9.50,9.50,9.50,9.50,000,0.95
2013-01-09,9.50,9.50,9.50,9.50,000,0.95
2013-01-08,9.50,9.50,9.50,9.50,10000,0.95
2013-01-07,9.72,9.72,9.72,9.72,12000,0.972
2013-01-04,9.50,9.50,9.50,9.50,000,0.95
2013-01-03,8.50,9.50,8.50,9.50,19000,0.95
2013-01-02,9.00,9.00,9.00,9.00,000,0.90
2012-12-31,9.00,9.00,9.00,9.00,5000,0.90
2012-12-28,9.00,9.00,9.00,9.00,2000,0.90
2012-12-27,8.00,8.00,8.00,8.00,000,0.80
2012-12-26,8.00,8.00,8.00,8.00,000,0.80
2012-12-24,8.00,8.00,8.00,8.00,000,0.80
2012-12-21,8.00,8.00,8.00,8.00,000,0.80
2012-12-20,8.00,8.00,8.00,8.00,1000,0.80
2012-12-19,9.00,9.00,9.00,9.00,5000,0.90
2012-12-18,8.00,10.00,8.00,9.00,42000,0.90
2012-12-17,9.00,9.00,9.00,9.00,8000,0.90
2012-12-14,9.00,9.00,9.00,9.00,000,0.90
2012-12-13,9.00,9.00,9.00,9.00,000,0.90
2012-12-12,9.00,9.00,9.00,9.00,2000,0.90
2012-12-11,10.00,10.00,10.00,10.00,000,1.00
2012-12-10,10.00,10.00,10.00,10.00,000,1.00
2012-12-07,10.00,10.00,10.00,10.00,000,1.00
2012-12-06,10.00,10.00,10.00,10.00,000,1.00
2012-12-05,10.00,10.00,10.00,10.00,4000,1.00
2012-12-04,9.00,9.00,9.00,9.00,000,0.90
2012-12-03,9.00,9.00,9.00,9.00,3000,0.90
2012-11-30,9.00,9.00,8.70,8.70,5000,0.87
2012-11-29,9.00,9.00,9.00,9.00,000,0.90
2012-11-28,10.00,10.00,9.00,9.00,85000,0.90
2012-11-27,10.00,10.00,10.00,10.00,000,1.00
2012-11-26,10.00,10.00,10.00,10.00,2000,1.00
2012-11-23,10.50,10.50,10.50,10.50,000,1.05
2012-11-21,10.50,10.50,10.50,10.50,000,1.05
2012-11-20,10.50,10.50,10.50,10.50,000,1.05
2012-11-19,10.50,10.50,10.50,10.50,000,1.05
2012-11-16,10.50,10.50,10.50,10.50,000,1.05
2012-11-15,10.50,10.50,10.50,10.50,000,1.05
2012-11-14,10.50,10.50,10.50,10.50,000,1.05
2012-11-13,10.50,10.50,10.50,10.50,000,1.05
2012-11-12,10.50,10.50,10.50,10.50,3000,1.05
2012-11-09,10.00,10.00,10.00,10.00,000,1.00
2012-11-08,10.00,10.00,10.00,10.00,000,1.00
2012-11-07,10.00,10.00,10.00,10.00,000,1.00
2012-11-06,10.00,10.00,10.00,10.00,000,1.00
2012-11-05,10.00,10.00,10.00,10.00,000,1.00
2012-11-02,10.00,10.00,10.00,10.00,000,1.00
2012-11-01,10.00,10.00,10.00,10.00,6000,1.00
2012-10-31,10.00,10.00,10.00,10.00,000,1.00
2012-10-26,10.00,10.00,10.00,10.00,000,1.00
2012-10-25,10.00,10.00,10.00,10.00,2000,1.00
2012-10-24,10.00,10.00,10.00,10.00,000,1.00
2012-10-23,10.00,10.00,10.00,10.00,5000,1.00
2012-10-22,10.00,10.00,10.00,10.00,000,1.00
2012-10-19,10.00,10.00,10.00,10.00,000,1.00
2012-10-18,10.00,10.00,10.00,10.00,000,1.00
2012-10-17,10.00,10.00,10.00,10.00,000,1.00
2012-10-16,10.00,10.00,10.00,10.00,000,1.00
2012-10-15,10.00,10.00,10.00,10.00,000,1.00
2012-10-12,10.00,10.00,10.00,10.00,6000,1.00
2012-10-11,10.00,10.00,10.00,10.00,000,1.00
2012-10-10,10.00,10.00,10.00,10.00,4000,1.00
2012-10-09,10.00,10.00,10.00,10.00,000,1.00
2012-10-08,10.00,10.00,10.00,10.00,000,1.00
2012-10-05,10.00,10.00,10.00,10.00,000,1.00
2012-10-04,10.00,10.00,10.00,10.00,20000,1.00
2012-10-03,9.50,9.50,9.50,9.50,000,0.95
2012-10-02,9.50,9.50,9.50,9.50,000,0.95
2012-10-01,9.50,9.50,9.50,9.50,000,0.95
2012-09-28,9.50,9.50,9.50,9.50,000,0.95
2012-09-27,9.50,9.50,9.50,9.50,4000,0.95
2012-09-26,9.50,9.50,9.50,9.50,000,0.95
2012-09-25,9.50,9.50,9.50,9.50,6000,0.95
2012-09-24,9.50,9.50,9.50,9.50,000,0.95
2012-09-21,9.50,9.50,9.50,9.50,000,0.95
2012-09-20,9.50,9.50,9.50,9.50,3000,0.95
2012-09-19,10.50,10.50,10.50,10.50,5000,1.05
2012-09-18,9.00,9.00,9.00,9.00,000,0.90
2012-09-17,9.00,9.00,9.00,9.00,000,0.90
2012-09-14,9.00,9.00,9.00,9.00,2000,0.90
2012-09-13,9.25,9.25,9.25,9.25,000,0.925
2012-09-12,9.50,9.50,8.75,9.25,64000,0.925
2012-09-11,9.50,9.50,9.50,9.50,3000,0.95
2012-09-10,10.00,10.00,10.00,10.00,59000,1.00
2012-09-07,9.00,9.00,9.00,9.00,000,0.90
2012-09-06,9.00,9.00,9.00,9.00,000,0.90
2012-09-05,9.00,9.00,9.00,9.00,000,0.90
2012-09-04,9.00,9.00,9.00,9.00,10000,0.90
2012-08-31,8.40,8.40,8.40,8.40,000,0.84
2012-08-30,8.40,8.40,8.40,8.40,5000,0.84
2012-08-29,8.35,8.35,8.35,8.35,000,0.835
2012-08-28,8.35,8.35,8.35,8.35,2000,0.835
2012-08-27,8.00,8.00,8.00,8.00,000,0.80
2012-08-24,8.00,8.00,8.00,8.00,000,0.80
2012-08-23,8.00,8.00,8.00,8.00,000,0.80
2012-08-22,8.00,8.00,8.00,8.00,000,0.80
2012-08-21,8.00,8.00,8.00,8.00,000,0.80
2012-08-20,8.00,8.00,8.00,8.00,2000,0.80
2012-08-17,8.25,8.25,8.25,8.25,000,0.825
2012-08-16,8.25,8.25,8.25,8.25,000,0.825
2012-08-15,8.35,8.35,8.00,8.25,15000,0.825
2012-08-14,7.00,7.00,7.00,7.00,000,0.70
2012-08-13,8.00,8.00,7.00,7.00,22000,0.70
2012-08-10,8.00,8.00,8.00,8.00,000,0.80
2012-08-09,8.00,8.00,8.00,8.00,000,0.80
2012-08-08,8.00,8.00,8.00,8.00,000,0.80
2012-08-07,8.00,8.00,8.00,8.00,000,0.80
2012-08-06,8.00,8.00,8.00,8.00,000,0.80
2012-08-03,8.00,8.00,8.00,8.00,000,0.80
2012-08-02,8.00,8.00,8.00,8.00,8000,0.80
2012-08-01,8.00,8.00,8.00,8.00,000,0.80
2012-07-31,8.00,8.00,8.00,8.00,000,0.80
2012-07-30,8.00,8.00,8.00,8.00,000,0.80
2012-07-27,8.00,8.00,8.00,8.00,000,0.80
2012-07-26,8.01,8.01,8.00,8.00,12000,0.80
2012-07-25,8.50,8.50,8.50,8.50,000,0.85
2012-07-24,8.560001,8.560001,8.50,8.50,104000,0.85
2012-07-23,8.55,8.55,8.55,8.55,000,0.855
2012-07-20,8.55,8.55,8.55,8.55,4000,0.855
2012-07-19,8.51,8.51,8.51,8.51,000,0.851
2012-07-18,8.51,8.51,8.51,8.51,2000,0.851
2012-07-17,8.50,8.50,8.50,8.50,000,0.85
2012-07-16,8.50,8.50,8.50,8.50,11000,0.85
2012-07-13,8.50,8.50,8.50,8.50,000,0.85
2012-07-12,9.00,9.00,8.50,8.50,50000,0.85
2012-07-11,9.50,9.50,9.50,9.50,000,0.95
2012-07-10,9.51,9.51,9.50,9.50,12000,0.95
2012-07-09,9.00,9.00,9.00,9.00,000,0.90
2012-07-06,9.00,9.00,9.00,9.00,000,0.90
2012-07-05,9.00,9.00,9.00,9.00,000,0.90
2012-07-03,9.00,9.00,9.00,9.00,2000,0.90
2012-07-02,9.50,9.50,9.50,9.50,000,0.95
2012-06-29,9.50,9.50,9.50,9.50,5000,0.95
2012-06-28,10.50,10.50,10.50,10.50,000,1.05
2012-06-27,10.50,10.50,10.50,10.50,000,1.05
2012-06-26,10.50,10.50,10.50,10.50,4000,1.05
2012-06-25,10.50,10.50,10.00,10.00,21000,1.00
2012-06-22,10.50,10.50,10.50,10.50,000,1.05
2012-06-21,10.50,10.50,10.50,10.50,2000,1.05
2012-06-20,11.00,11.00,11.00,11.00,000,1.10
2012-06-19,11.00,11.00,11.00,11.00,000,1.10
2012-06-18,11.00,11.10,11.00,11.00,40000,1.10
2012-06-15,10.25,10.25,10.25,10.25,000,1.025
2012-06-14,10.25,10.25,10.25,10.25,000,1.025
2012-06-13,10.25,10.25,10.25,10.25,000,1.025
2012-06-12,10.25,10.25,10.25,10.25,000,1.025
2012-06-11,10.25,10.25,10.25,10.25,000,1.025
2012-06-08,10.25,10.25,10.25,10.25,3000,1.025
2012-06-07,11.50,11.50,11.50,11.50,000,1.15
2012-06-06,11.50,11.50,11.50,11.50,000,1.15
2012-06-05,11.50,11.50,11.50,11.50,000,1.15
2012-06-04,11.50,11.50,11.50,11.50,10000,1.15
2012-06-01,11.75,11.75,11.75,11.75,000,1.175
2012-05-31,11.50,11.75,11.50,11.75,20000,1.175
2012-05-30,11.50,11.50,11.50,11.50,000,1.15
2012-05-29,11.25,12.00,11.25,11.50,27000,1.15
2012-05-25,10.00,10.00,10.00,10.00,000,1.00
2012-05-24,10.00,10.00,10.00,10.00,000,1.00
2012-05-23,10.00,10.00,10.00,10.00,000,1.00
2012-05-22,10.00,10.00,10.00,10.00,5000,1.00
2012-05-21,9.00,9.00,9.00,9.00,000,0.90
2012-05-18,8.75,9.00,8.75,9.00,6000,0.90
2012-05-17,8.00,8.00,8.00,8.00,000,0.80
2012-05-16,8.00,8.00,8.00,8.00,2000,0.80
2012-05-15,8.60,8.60,8.60,8.60,000,0.86
2012-05-14,8.60,8.60,8.60,8.60,000,0.86
2012-05-11,8.60,8.60,8.60,8.60,000,0.86
2012-05-10,8.60,8.60,8.60,8.60,000,0.86
2012-05-09,8.60,8.60,8.60,8.60,000,0.86
2012-05-08,8.60,8.60,8.60,8.60,000,0.86
2012-05-07,8.60,8.60,8.60,8.60,000,0.86
2012-05-04,8.60,8.60,8.60,8.60,000,0.86
2012-05-03,8.60,8.60,8.60,8.60,000,0.86
2012-05-02,8.60,8.60,8.60,8.60,000,0.86
2012-05-01,8.60,8.60,8.60,8.60,000,0.86
2012-04-30,8.60,8.60,8.60,8.60,000,0.86
2012-04-27,8.60,8.60,8.60,8.60,000,0.86
2012-04-26,8.60,8.60,8.60,8.60,000,0.86
2012-04-25,8.60,8.60,8.60,8.60,000,0.86
2012-04-24,8.60,8.60,8.60,8.60,000,0.86
2012-04-23,8.60,8.60,8.60,8.60,000,0.86
2012-04-20,8.60,8.60,8.60,8.60,10000,0.86
2012-04-19,8.60,8.60,8.60,8.60,4000,0.86
2012-04-18,8.100001,8.100001,8.100001,8.100001,000,0.81
2012-04-17,8.100001,8.100001,8.100001,8.100001,000,0.81
2012-04-16,8.100001,8.100001,8.100001,8.100001,4000,0.81
2012-04-13,8.100001,8.100001,8.100001,8.100001,4000,0.81
2012-04-12,8.100001,8.100001,8.100001,8.100001,000,0.81
2012-04-11,8.100001,8.100001,8.100001,8.100001,000,0.81
2012-04-10,8.100001,8.100001,8.100001,8.100001,2000,0.81
2012-04-09,8.00,8.00,8.00,8.00,000,0.80
2012-04-05,8.00,8.00,8.00,8.00,000,0.80
2012-04-04,8.00,8.00,8.00,8.00,4000,0.80
2012-04-03,7.50,7.50,7.50,7.50,000,0.75
2012-04-02,7.50,7.50,7.50,7.50,000,0.75
2012-03-30,7.50,7.50,7.50,7.50,7000,0.75
2012-03-29,7.05,7.05,7.05,7.05,000,0.705
2012-03-28,7.05,7.05,7.05,7.05,000,0.705
2012-03-27,7.05,7.05,7.05,7.05,000,0.705
2012-03-26,7.05,7.05,7.05,7.05,000,0.705
2012-03-23,7.05,7.05,7.05,7.05,000,0.705
2012-03-22,7.05,7.05,7.05,7.05,000,0.705
2012-03-21,7.05,7.05,7.05,7.05,000,0.705
2012-03-20,7.05,7.05,7.05,7.05,6000,0.705
2012-03-19,7.00,7.00,7.00,7.00,000,0.70
2012-03-16,7.00,7.00,7.00,7.00,1000,0.70
2012-03-15,6.75,6.75,6.75,6.75,3000,0.675
2012-03-14,6.74,6.74,6.74,6.74,32000,0.674
2012-03-13,6.10,6.10,6.10,6.10,3000,0.61
2012-03-12,6.10,6.10,6.10,6.10,000,0.61
2012-03-09,6.10,6.10,6.10,6.10,2000,0.61
2012-03-08,6.32,6.32,6.32,6.32,000,0.632
2012-03-07,6.32,6.32,6.32,6.32,000,0.632
2012-03-06,6.32,6.32,6.32,6.32,000,0.632
2012-03-05,6.32,6.32,6.32,6.32,000,0.632
2012-03-02,6.10,6.32,6.10,6.32,4000,0.632
2012-03-01,6.10,6.32,6.10,6.10,26000,0.61
2012-02-29,6.70,6.70,6.70,6.70,000,0.67
2012-02-28,6.70,6.70,6.70,6.70,4000,0.67
2012-02-27,6.76,6.76,6.76,6.76,000,0.676
2012-02-24,8.00,8.00,6.76,6.76,14000,0.676
2012-02-23,6.00,6.00,6.00,6.00,000,0.60
2012-02-22,6.00,6.00,6.00,6.00,000,0.60
2012-02-21,6.00,6.00,6.00,6.00,000,0.60
2012-02-17,6.00,6.00,6.00,6.00,000,0.60
2012-02-16,6.00,6.00,6.00,6.00,000,0.60
2012-02-15,6.00,6.00,6.00,6.00,000,0.60
2012-02-14,6.00,6.00,6.00,6.00,000,0.60
2012-02-13,6.00,6.00,6.00,6.00,000,0.60
2012-02-10,6.00,6.00,6.00,6.00,000,0.60
2012-02-09,6.00,6.00,6.00,6.00,000,0.60
2012-02-08,6.00,6.00,6.00,6.00,000,0.60
2012-02-07,6.00,6.00,6.00,6.00,000,0.60
2012-02-06,6.00,6.00,6.00,6.00,000,0.60
2012-02-03,6.00,6.00,6.00,6.00,2000,0.60
2012-02-02,6.00,6.00,6.00,6.00,000,0.60
2012-02-01,6.00,6.00,6.00,6.00,5000,0.60
2012-01-31,5.50,5.50,5.50,5.50,000,0.55
2012-01-30,5.50,5.50,5.50,5.50,000,0.55
2012-01-27,5.50,5.50,5.50,5.50,000,0.55
2012-01-26,5.50,5.50,5.50,5.50,5000,0.55
2012-01-25,5.50,5.50,5.50,5.50,000,0.55
2012-01-24,5.50,5.50,5.50,5.50,12000,0.55
2012-01-23,5.00,5.00,5.00,5.00,000,0.50
2012-01-20,5.00,5.00,5.00,5.00,000,0.50
2012-01-19,5.00,5.00,5.00,5.00,2000,0.50
2012-01-18,5.00,5.00,5.00,5.00,000,0.50
2012-01-17,5.00,5.00,5.00,5.00,2000,0.50
2012-01-13,5.00,5.00,5.00,5.00,000,0.50
2012-01-12,0.25,0.25,0.25,0.25,2000,0.50
2012-01-11,0.25,0.25,0.25,0.25,000,0.50
2012-01-10,0.25,0.25,0.25,0.25,000,0.50
2012-01-09,0.25,0.25,0.25,0.25,000,0.50
2012-01-06,0.25,0.27,0.25,0.25,19000,0.50
2012-01-05,0.25,0.25,0.25,0.25,000,0.50
2012-01-04,0.25,0.25,0.25,0.25,10000,0.50
2012-01-03,0.25,0.25,0.25,0.25,3000,0.50
2011-12-30,0.20,0.20,0.20,0.20,000,0.40
2011-12-29,0.20,0.20,0.20,0.20,000,0.40
2011-12-28,0.20,0.20,0.20,0.20,000,0.40
2011-12-27,0.33,0.33,0.20,0.20,9000,0.40
2011-12-23,0.20,0.20,0.20,0.20,000,0.40
2011-12-22,0.20,0.20,0.20,0.20,000,0.40
2011-12-21,0.19,0.20,0.19,0.19,43000,0.38
2011-12-20,0.18,0.18,0.18,0.18,1000,0.36
2011-12-19,0.17,0.17,0.17,0.17,000,0.34
2011-12-16,0.20,0.20,0.20,0.20,000,0.40
2011-12-15,0.20,0.20,0.20,0.20,000,0.40
2011-12-14,0.23,0.23,0.23,0.23,2000,0.46
2011-12-13,0.23,0.23,0.23,0.23,000,0.46
2011-12-12,0.23,0.23,0.23,0.23,2000,0.46
2011-12-09,0.20,0.23,0.20,0.23,45000,0.46
2011-12-08,0.21,0.21,0.21,0.21,000,0.42
2011-12-07,0.21,0.21,0.21,0.21,1000,0.42
2011-12-06,0.20,0.20,0.20,0.20,1000,0.40
2011-12-05,0.20,0.20,0.20,0.20,000,0.40
2011-12-02,0.21,0.21,0.20,0.20,32000,0.40
2011-12-01,0.26,0.26,0.23,0.23,2000,0.46
2011-11-30,0.25,0.33,0.21,0.28,144000,0.56
2011-11-29,0.30,0.30,0.25,0.25,6000,0.50
2011-11-28,0.29,0.29,0.29,0.29,000,0.58
2011-11-25,0.28,0.28,0.28,0.28,000,0.56
2011-11-23,0.28,0.28,0.28,0.28,000,0.56
2011-11-22,0.28,0.28,0.28,0.28,000,0.56
2011-11-21,0.28,0.28,0.28,0.28,000,0.56
2011-11-18,0.28,0.28,0.28,0.28,1000,0.56
2011-11-17,0.31,0.31,0.25,0.30,20000,0.60
2011-11-16,0.40,0.40,0.31,0.31,3000,0.62
2011-11-15,0.35,0.35,0.35,0.35,000,0.70
2011-11-14,0.31,0.31,0.31,0.31,000,0.62
2011-11-11,0.31,0.31,0.31,0.31,000,0.62
2011-11-10,0.31,0.31,0.31,0.31,000,0.62
2011-11-09,0.31,0.31,0.31,0.31,000,0.62
2011-11-08,0.31,0.31,0.31,0.31,1000,0.62
2011-11-07,0.35,0.35,0.35,0.35,5000,0.70
2011-11-04,0.35,0.35,0.35,0.35,000,0.70
2011-11-03,0.35,0.35,0.35,0.35,000,0.70
2011-11-02,0.45,0.45,0.45,0.45,000,0.90
2011-11-01,0.45,0.45,0.45,0.45,000,0.90
2011-10-31,0.45,0.45,0.45,0.45,000,0.90
2011-10-28,0.45,0.45,0.45,0.45,000,0.90
2011-10-27,0.45,0.45,0.45,0.45,000,0.90
2011-10-26,0.45,0.45,0.45,0.45,000,0.90
2011-10-25,0.45,0.45,0.45,0.45,000,0.90
2011-10-24,0.35,0.35,0.35,0.35,000,0.70
2011-10-21,0.40,0.40,0.35,0.35,7000,0.70
2011-10-20,0.42,0.42,0.42,0.42,000,0.84
2011-10-19,0.45,0.45,0.42,0.42,000,0.84
2011-10-18,0.35,0.35,0.35,0.35,1000,0.70
2011-10-17,0.40,0.40,0.40,0.40,000,0.80
2011-10-14,0.40,0.40,0.40,0.40,000,0.80
2011-10-13,0.40,0.40,0.40,0.40,000,0.80
2011-10-12,0.35,0.40,0.35,0.40,4000,0.80
2011-10-11,0.39,0.39,0.35,0.35,5000,0.70
2011-10-10,0.39,0.39,0.39,0.39,000,0.78
2011-10-07,0.40,0.40,0.40,0.40,000,0.80
2011-10-06,0.40,0.40,0.40,0.40,000,0.80
2011-10-05,0.40,0.40,0.40,0.40,6000,0.80
2011-10-04,0.40,0.40,0.40,0.40,000,0.80
2011-10-03,0.32,0.40,0.32,0.40,4000,0.80
2011-09-30,0.40,0.40,0.40,0.40,000,0.80
2011-09-29,0.40,0.40,0.40,0.40,000,0.80
2011-09-28,0.32,0.40,0.32,0.40,2000,0.80
2011-09-27,0.32,0.32,0.32,0.32,1000,0.64
2011-09-26,0.32,0.40,0.32,0.40,000,0.80
2011-09-23,0.32,0.32,0.32,0.32,000,0.64
2011-09-22,0.33,0.33,0.33,0.33,000,0.66
2011-09-21,0.33,0.33,0.33,0.33,000,0.66
2011-09-20,0.33,0.33,0.33,0.33,000,0.66
2011-09-19,0.33,0.33,0.33,0.33,000,0.66
2011-09-16,0.33,0.33,0.33,0.33,000,0.66
2011-09-15,0.33,0.33,0.33,0.33,000,0.66
2011-09-14,0.36,0.36,0.33,0.33,15000,0.66
2011-09-13,0.36,0.36,0.36,0.36,000,0.72
2011-09-12,0.45,0.45,0.45,0.45,000,0.90
2011-09-09,0.45,0.45,0.45,0.45,000,0.90
2011-09-08,0.45,0.45,0.45,0.45,000,0.90
2011-09-07,0.45,0.45,0.45,0.45,000,0.90
2011-09-06,0.36,0.36,0.36,0.36,000,0.72
2011-09-02,0.36,0.36,0.36,0.36,000,0.72
2011-09-01,0.36,0.36,0.36,0.36,000,0.72
2011-08-31,0.36,0.36,0.36,0.36,000,0.72
2011-08-30,0.36,0.36,0.36,0.36,000,0.72
2011-08-29,0.36,0.36,0.36,0.36,000,0.72
2011-08-26,0.36,0.36,0.36,0.36,000,0.72
2011-08-25,0.36,0.36,0.36,0.36,000,0.72
2011-08-24,0.40,0.40,0.40,0.40,000,0.80
2011-08-23,0.40,0.40,0.40,0.40,000,0.80
2011-08-22,0.40,0.40,0.40,0.40,000,0.80
2011-08-19,0.40,0.40,0.40,0.40,000,0.80
2011-08-18,0.40,0.40,0.40,0.40,000,0.80
2011-08-17,0.40,0.40,0.40,0.40,000,0.80
2011-08-16,0.40,0.40,0.40,0.40,000,0.80
2011-08-15,0.40,0.40,0.39,0.40,9000,0.80
2011-08-12,0.52,0.52,0.41,0.41,2000,0.82
2011-08-11,0.45,0.45,0.45,0.45,000,0.90
2011-08-10,0.45,0.45,0.45,0.45,000,0.90
2011-08-09,0.40,0.45,0.40,0.45,000,0.90
2011-08-08,0.41,0.45,0.41,0.45,2000,0.90
2011-08-05,0.41,0.41,0.41,0.41,000,0.82
2011-08-04,0.41,0.41,0.41,0.41,000,0.82
2011-08-03,0.41,0.41,0.41,0.41,000,0.82
2011-08-02,0.40,0.40,0.40,0.40,000,0.80
2011-08-01,0.40,0.40,0.40,0.40,000,0.80
2011-07-29,0.40,0.40,0.40,0.40,000,0.80
2011-07-28,0.40,0.40,0.40,0.40,000,0.80
2011-07-27,0.40,0.40,0.40,0.40,000,0.80
2011-07-26,0.40,0.40,0.40,0.40,000,0.80
2011-07-25,0.40,0.40,0.40,0.40,000,0.80
2011-07-22,0.40,0.40,0.40,0.40,000,0.80
2011-07-21,0.40,0.40,0.40,0.40,000,0.80
2011-07-20,0.40,0.40,0.40,0.40,000,0.80
2011-07-19,0.43,0.43,0.40,0.40,27000,0.80
2011-07-18,0.43,0.43,0.43,0.43,1000,0.86
2011-07-15,0.44,0.44,0.44,0.44,000,0.88
2011-07-14,0.44,0.44,0.43,0.43,000,0.86
2011-07-13,0.44,0.44,0.44,0.44,000,0.88
2011-07-12,0.44,0.44,0.44,0.44,9000,0.88
2011-07-11,0.44,0.44,0.44,0.44,15000,0.88
2011-07-08,0.43,0.43,0.43,0.43,2000,0.86
2011-07-07,0.42,0.42,0.42,0.42,2000,0.84
2011-07-06,0.42,0.42,0.42,0.42,000,0.84
2011-07-05,0.43,0.43,0.43,0.43,000,0.86
2011-07-01,0.43,0.43,0.43,0.43,000,0.86
2011-06-30,0.43,0.43,0.43,0.43,000,0.86
2011-06-29,0.43,0.43,0.43,0.43,8000,0.86
2011-06-28,0.42,0.45,0.41,0.44,54000,0.88
2011-06-27,0.42,0.42,0.42,0.42,000,0.84
2011-06-24,0.42,0.42,0.42,0.42,000,0.84
2011-06-23,0.43,0.43,0.43,0.43,000,0.86
2011-06-22,0.44,0.44,0.43,0.43,2000,0.86
2011-06-21,0.43,0.43,0.43,0.43,000,0.86
2011-06-20,0.42,0.42,0.42,0.42,1000,0.84
2011-06-17,0.43,0.43,0.43,0.43,000,0.86
2011-06-16,0.43,0.44,0.43,0.43,21000,0.86
2011-06-15,0.41,0.41,0.41,0.41,000,0.82
2011-06-14,0.42,0.43,0.41,0.41,18000,0.82
2011-06-13,0.41,0.41,0.40,0.40,21000,0.80
2011-06-10,0.43,0.43,0.41,0.41,5000,0.82
2011-06-09,0.43,0.43,0.43,0.43,000,0.86
2011-06-08,0.40,0.44,0.40,0.43,57000,0.86
2011-06-07,0.45,0.45,0.43,0.43,61000,0.86
2011-06-06,0.40,0.45,0.40,0.45,392000,0.90
2011-06-03,0.40,0.40,0.40,0.40,50000,0.80
2011-06-02,0.41,0.41,0.41,0.41,000,0.82
2011-06-01,0.41,0.41,0.41,0.41,000,0.82
2011-05-31,0.45,0.45,0.45,0.45,000,0.90
2011-05-27,0.45,0.45,0.41,0.45,55000,0.90
2011-05-26,0.39,0.40,0.39,0.40,7000,0.80
2011-05-25,0.35,0.40,0.35,0.40,21000,0.80
2011-05-24,0.35,0.35,0.35,0.35,000,0.70
2011-05-23,0.40,0.40,0.39,0.39,1000,0.78
2011-05-20,0.35,0.40,0.35,0.40,15000,0.80
2011-05-19,0.35,0.35,0.35,0.35,25000,0.70
2011-05-18,0.32,0.32,0.32,0.32,000,0.64
2011-05-17,0.31,0.31,0.31,0.31,000,0.62
2011-05-16,0.31,0.31,0.31,0.31,000,0.62
2011-05-13,0.31,0.31,0.31,0.31,000,0.62
2011-05-12,0.31,0.31,0.31,0.31,1000,0.62
2011-05-11,0.35,0.35,0.35,0.35,000,0.70
2011-05-10,0.35,0.35,0.35,0.35,000,0.70
2011-05-09,0.35,0.35,0.35,0.35,2000,0.70
2011-05-06,0.31,0.31,0.31,0.31,000,0.62
2011-05-05,0.35,0.35,0.35,0.35,4000,0.70
2011-05-04,0.34,0.34,0.34,0.34,000,0.68
2011-05-03,0.34,0.34,0.34,0.34,000,0.68
2011-05-02,0.35,0.35,0.34,0.34,15000,0.68
2011-04-29,0.30,0.30,0.30,0.30,7000,0.60
2011-04-28,0.30,0.30,0.30,0.30,000,0.60
2011-04-27,0.30,0.30,0.30,0.30,000,0.60
2011-04-26,0.30,0.30,0.30,0.30,000,0.60
2011-04-25,0.30,0.30,0.30,0.30,000,0.60
2011-04-21,0.31,0.32,0.30,0.32,42000,0.64
2011-04-20,0.30,0.30,0.30,0.30,000,0.60
2011-04-19,0.30,0.30,0.30,0.30,000,0.60
2011-04-18,0.30,0.30,0.30,0.30,1000,0.60
2011-04-15,0.30,0.30,0.30,0.30,000,0.60
2011-04-14,0.30,0.30,0.30,0.30,000,0.60
2011-04-13,0.30,0.30,0.30,0.30,000,0.60
2011-04-12,0.31,0.31,0.28,0.30,175000,0.60
2011-04-11,0.31,0.31,0.31,0.31,17000,0.62
2011-04-08,0.31,0.31,0.31,0.31,7000,0.62
2011-04-07,0.31,0.31,0.31,0.31,000,0.62
2011-04-06,0.31,0.31,0.31,0.31,000,0.62
2011-04-05,0.31,0.31,0.31,0.31,000,0.62
2011-04-04,0.31,0.31,0.31,0.31,000,0.62
2011-04-01,0.31,0.31,0.31,0.31,000,0.62
2011-03-31,0.31,0.31,0.31,0.31,000,0.62
2011-03-30,0.31,0.31,0.31,0.31,000,0.62
2011-03-29,0.31,0.31,0.31,0.31,000,0.62
2011-03-28,0.31,0.31,0.31,0.31,000,0.62
2011-03-25,0.31,0.31,0.31,0.31,000,0.62
2011-03-24,0.32,0.32,0.32,0.32,6000,0.64
2011-03-23,0.32,0.32,0.32,0.32,000,0.64
2011-03-22,0.32,0.32,0.32,0.32,000,0.64
2011-03-21,0.32,0.32,0.32,0.32,000,0.64
2011-03-18,0.32,0.32,0.32,0.32,000,0.64
2011-03-17,0.35,0.35,0.32,0.32,8000,0.64
2011-03-16,0.35,0.35,0.35,0.35,000,0.70
2011-03-15,0.35,0.35,0.35,0.35,000,0.70
2011-03-14,0.35,0.35,0.35,0.35,000,0.70
2011-03-11,0.35,0.35,0.35,0.35,000,0.70
2011-03-10,0.35,0.35,0.35,0.35,000,0.70
2011-03-09,0.37,0.37,0.37,0.37,000,0.74
2011-03-08,0.35,0.37,0.35,0.37,5000,0.74
2011-03-07,0.35,0.35,0.35,0.35,000,0.70
2011-03-04,0.35,0.35,0.35,0.35,000,0.70
2011-03-03,0.35,0.35,0.35,0.35,000,0.70
2011-03-02,0.35,0.35,0.35,0.35,4000,0.70
2011-03-01,0.33,0.35,0.33,0.35,17000,0.70
2011-02-28,0.35,0.35,0.35,0.35,15000,0.70
2011-02-25,0.31,0.31,0.31,0.31,2000,0.62
2011-02-24,0.31,0.31,0.31,0.31,000,0.62
2011-02-23,0.31,0.31,0.31,0.31,000,0.62
2011-02-22,0.31,0.31,0.31,0.31,5000,0.62
2011-02-18,0.35,0.35,0.35,0.35,000,0.70
2011-02-17,0.35,0.35,0.34,0.35,7000,0.70
2011-02-16,0.30,0.30,0.30,0.30,000,0.60
2011-02-15,0.30,0.30,0.30,0.30,000,0.60
2011-02-14,0.30,0.30,0.30,0.30,000,0.60
2011-02-11,0.30,0.30,0.30,0.30,2000,0.60
2011-02-10,0.30,0.30,0.30,0.30,000,0.60
2011-02-09,0.30,0.30,0.30,0.30,000,0.60
2011-02-08,0.30,0.30,0.30,0.30,6000,0.60
2011-02-07,0.30,0.30,0.30,0.30,2000,0.60
2011-02-04,0.35,0.35,0.35,0.35,000,0.70
2011-02-03,0.35,0.35,0.35,0.35,000,0.70
2011-02-02,0.35,0.35,0.35,0.35,000,0.70
2011-02-01,0.33,0.35,0.30,0.35,9000,0.70
2011-01-31,0.28,0.28,0.28,0.28,000,0.56
2011-01-28,0.28,0.28,0.28,0.28,000,0.56
2011-01-27,0.28,0.28,0.28,0.28,000,0.56
2011-01-26,0.28,0.28,0.28,0.28,000,0.56
2011-01-25,0.28,0.28,0.28,0.28,000,0.56
2011-01-24,0.28,0.33,0.28,0.28,1000,0.56
2011-01-21,0.32,0.33,0.32,0.33,3000,0.66
2011-01-20,0.28,0.28,0.26,0.26,8000,0.52
2011-01-19,0.32,0.32,0.32,0.32,000,0.64
2011-01-18,0.32,0.32,0.32,0.32,3000,0.64
2011-01-14,0.29,0.29,0.29,0.29,000,0.58
2011-01-13,0.29,0.29,0.29,0.29,000,0.58
2011-01-12,0.29,0.29,0.29,0.29,000,0.58
2011-01-11,0.29,0.29,0.29,0.29,000,0.58
2011-01-10,0.29,0.29,0.29,0.29,000,0.58
2011-01-07,0.29,0.29,0.29,0.29,12000,0.58
2011-01-06,0.28,0.28,0.28,0.28,000,0.56
2011-01-05,0.28,0.28,0.28,0.28,000,0.56
2011-01-04,0.28,0.28,0.28,0.28,000,0.56
2011-01-03,0.28,0.28,0.28,0.28,2000,0.56
2010-12-31,0.28,0.30,0.28,0.28,37000,0.56
2010-12-30,0.28,0.28,0.28,0.28,000,0.56
2010-12-29,0.28,0.28,0.28,0.28,000,0.56
2010-12-28,0.28,0.29,0.28,0.29,37000,0.58
2010-12-27,0.28,0.28,0.28,0.28,000,0.56
2010-12-23,0.28,0.28,0.28,0.28,23000,0.56
2010-12-22,0.28,0.28,0.28,0.28,2000,0.56
2010-12-21,0.28,0.28,0.28,0.28,000,0.56
2010-12-20,0.28,0.28,0.28,0.28,000,0.56
2010-12-17,0.28,0.28,0.28,0.28,1000,0.56
2010-12-16,0.27,0.27,0.27,0.27,5000,0.54
2010-12-15,0.27,0.27,0.27,0.27,2000,0.54
2010-12-14,0.30,0.30,0.27,0.27,17000,0.54
2010-12-13,0.30,0.30,0.30,0.30,000,0.60
2010-12-10,0.30,0.30,0.30,0.30,000,0.60
2010-12-09,0.35,0.35,0.30,0.30,000,0.60
2010-12-08,0.30,0.30,0.30,0.30,4000,0.60
2010-12-07,0.29,0.29,0.25,0.25,79000,0.50
2010-12-06,0.29,0.29,0.29,0.29,000,0.58
2010-12-03,0.29,0.29,0.29,0.29,000,0.58
2010-12-02,0.29,0.29,0.29,0.29,000,0.58
2010-12-01,0.29,0.29,0.29,0.29,000,0.58
2010-11-30,0.29,0.29,0.29,0.29,000,0.58
2010-11-29,0.29,0.29,0.29,0.29,000,0.58
2010-11-26,0.30,0.30,0.30,0.30,000,0.60
2010-11-24,0.30,0.30,0.30,0.30,000,0.60
2010-11-23,0.30,0.30,0.30,0.30,000,0.60
2010-11-22,0.35,0.35,0.35,0.35,000,0.70
2010-11-19,0.30,0.35,0.30,0.35,8000,0.70
2010-11-18,0.35,0.35,0.30,0.30,000,0.60
2010-11-17,0.30,0.31,0.30,0.31,1000,0.62
2010-11-16,0.30,0.30,0.30,0.30,000,0.60
2010-11-15,0.29,0.38,0.29,0.30,14000,0.60
2010-11-12,0.30,0.30,0.30,0.30,000,0.60
2010-11-11,0.36,0.36,0.36,0.36,000,0.72
2010-11-10,0.36,0.36,0.36,0.36,000,0.72
2010-11-09,0.36,0.36,0.36,0.36,1000,0.72
2010-11-08,0.30,0.30,0.30,0.30,5000,0.60
2010-11-05,0.33,0.33,0.29,0.29,27000,0.58
2010-11-04,0.30,0.30,0.30,0.30,000,0.60
2010-11-03,0.30,0.30,0.30,0.30,000,0.60
2010-11-02,0.33,0.34,0.33,0.34,9000,0.68
2010-11-01,0.28,0.28,0.28,0.28,000,0.56
2010-10-29,0.28,0.28,0.28,0.28,000,0.56
2010-10-28,0.28,0.28,0.28,0.28,000,0.56
2010-10-27,0.30,0.30,0.30,0.30,000,0.60
2010-10-26,0.34,0.34,0.30,0.30,10000,0.60
2010-10-25,0.30,0.30,0.30,0.30,4000,0.60
2010-10-22,0.29,0.29,0.29,0.29,000,0.58
2010-10-21,0.29,0.29,0.29,0.29,000,0.58
2010-10-20,0.30,0.30,0.29,0.29,4000,0.58
2010-10-19,0.28,0.28,0.28,0.28,1000,0.56
2010-10-18,0.28,0.28,0.28,0.28,000,0.56
2010-10-15,0.28,0.28,0.28,0.28,000,0.56
2010-10-14,0.30,0.30,0.28,0.28,000,0.56
2010-10-13,0.28,0.28,0.28,0.28,000,0.56
2010-10-12,0.28,0.28,0.28,0.28,000,0.56
2010-10-11,0.30,0.32,0.28,0.32,3000,0.64
2010-10-08,0.30,0.30,0.30,0.30,000,0.60
2010-10-07,0.30,0.30,0.30,0.30,1000,0.60
2010-10-06,0.30,0.30,0.30,0.30,1000,0.60
2010-10-05,0.30,0.30,0.30,0.30,6000,0.60
2010-10-04,0.30,0.30,0.30,0.30,000,0.60
2010-10-01,0.30,0.30,0.30,0.30,000,0.60
2010-09-30,0.30,0.30,0.30,0.30,000,0.60
2010-09-29,0.30,0.30,0.30,0.30,000,0.60
2010-09-28,0.30,0.30,0.30,0.30,000,0.60
2010-09-27,0.32,0.32,0.32,0.32,13000,0.64
2010-09-24,0.30,0.30,0.30,0.30,3000,0.60
2010-09-23,0.30,0.30,0.30,0.30,000,0.60
2010-09-22,0.30,0.30,0.30,0.30,000,0.60
2010-09-21,0.30,0.30,0.30,0.30,1000,0.60
2010-09-20,0.30,0.30,0.30,0.30,000,0.60
2010-09-17,0.30,0.30,0.30,0.30,19000,0.60
2010-09-16,0.30,0.30,0.30,0.30,000,0.60
2010-09-15,0.33,0.33,0.33,0.33,000,0.66
2010-09-14,0.33,0.33,0.33,0.33,000,0.66
2010-09-13,0.33,0.33,0.33,0.33,2000,0.66
2010-09-10,0.33,0.33,0.33,0.33,2000,0.66
2010-09-09,0.33,0.33,0.33,0.33,000,0.66
2010-09-08,0.33,0.33,0.33,0.33,000,0.66
2010-09-07,0.33,0.33,0.33,0.33,2000,0.66
2010-09-03,0.38,0.38,0.38,0.38,000,0.76
2010-09-02,0.38,0.38,0.38,0.38,000,0.76
2010-09-01,0.33,0.38,0.33,0.38,6000,0.76
2010-08-31,0.33,0.33,0.33,0.33,000,0.66
2010-08-30,0.33,0.33,0.33,0.33,000,0.66
2010-08-27,0.33,0.33,0.33,0.33,000,0.66
2010-08-26,0.33,0.33,0.33,0.33,3000,0.66
2010-08-25,0.32,0.32,0.32,0.32,000,0.64
2010-08-24,0.32,0.32,0.32,0.32,000,0.64
2010-08-23,0.32,0.32,0.32,0.32,000,0.64
2010-08-20,0.32,0.32,0.32,0.32,000,0.64
2010-08-19,0.32,0.32,0.32,0.32,000,0.64
2010-08-18,0.32,0.32,0.32,0.32,000,0.64
2010-08-17,0.35,0.35,0.32,0.32,8000,0.64
2010-08-16,0.30,0.30,0.30,0.30,000,0.60
2010-08-13,0.30,0.30,0.30,0.30,000,0.60
2010-08-12,0.31,0.31,0.31,0.31,000,0.62
2010-08-11,0.36,0.36,0.36,0.36,000,0.72
2010-08-10,0.36,0.36,0.36,0.36,1000,0.72
2010-08-09,0.40,0.40,0.40,0.40,000,0.80
2010-08-06,0.38,0.40,0.38,0.40,000,0.80
2010-08-05,0.34,0.34,0.34,0.34,000,0.68
2010-08-04,0.34,0.34,0.34,0.34,000,0.68
2010-08-03,0.34,0.34,0.34,0.34,1000,0.68
2010-08-02,0.30,0.35,0.30,0.34,9000,0.68
2010-07-30,0.30,0.30,0.30,0.30,1000,0.60
2010-07-29,0.25,0.25,0.25,0.25,000,0.50
2010-07-28,0.25,0.25,0.25,0.25,2000,0.50
2010-07-27,0.25,0.28,0.25,0.28,14000,0.56
2010-07-26,0.28,0.28,0.28,0.28,000,0.56
2010-07-23,0.28,0.28,0.28,0.28,000,0.56
2010-07-22,0.28,0.28,0.28,0.28,000,0.56
2010-07-21,0.28,0.28,0.28,0.28,1000,0.56
2010-07-20,0.25,0.25,0.25,0.25,000,0.50
2010-07-19,0.25,0.25,0.25,0.25,000,0.50
2010-07-16,0.25,0.25,0.25,0.25,000,0.50
2010-07-15,0.25,0.25,0.25,0.25,000,0.50
2010-07-14,0.27,0.27,0.27,0.27,000,0.54
2010-07-13,0.30,0.30,0.27,0.27,3000,0.54
2010-07-12,0.25,0.25,0.25,0.25,000,0.50
2010-07-09,0.25,0.25,0.25,0.25,000,0.50
2010-07-08,0.25,0.25,0.25,0.25,000,0.50
2010-07-07,0.25,0.25,0.25,0.25,000,0.50
2010-07-06,0.25,0.25,0.25,0.25,000,0.50
2010-07-02,0.25,0.25,0.25,0.25,000,0.50
2010-07-01,0.25,0.25,0.25,0.25,000,0.50
2010-06-30,0.25,0.25,0.25,0.25,000,0.50
2010-06-29,0.25,0.25,0.25,0.25,1000,0.50
2010-06-28,0.25,0.25,0.25,0.25,000,0.50
2010-06-25,0.25,0.25,0.25,0.25,000,0.50
2010-06-24,0.25,0.25,0.25,0.25,000,0.50
2010-06-23,0.25,0.25,0.25,0.25,000,0.50
2010-06-22,0.25,0.25,0.25,0.25,000,0.50
2010-06-21,0.25,0.25,0.25,0.25,000,0.50
2010-06-18,0.25,0.25,0.25,0.25,000,0.50
2010-06-17,0.25,0.25,0.25,0.25,000,0.50
2010-06-16,0.25,0.25,0.25,0.25,000,0.50
2010-06-15,0.25,0.25,0.25,0.25,9000,0.50
2010-06-14,0.25,0.25,0.25,0.25,16000,0.50
2010-06-11,0.25,0.25,0.25,0.25,000,0.50
2010-06-10,0.25,0.25,0.25,0.25,000,0.50
2010-06-09,0.25,0.25,0.25,0.25,000,0.50
2010-06-08,0.25,0.25,0.25,0.25,3000,0.50
2010-06-07,0.26,0.26,0.26,0.26,000,0.52
2010-06-04,0.26,0.26,0.26,0.26,000,0.52
2010-06-03,0.26,0.26,0.26,0.26,000,0.52
2010-06-02,0.26,0.26,0.26,0.26,000,0.52
2010-06-01,0.26,0.26,0.26,0.26,000,0.52
2010-05-28,0.26,0.26,0.26,0.26,000,0.52
2010-05-27,0.26,0.26,0.26,0.26,000,0.52
2010-05-26,0.26,0.26,0.26,0.26,000,0.52
2010-05-25,0.25,0.26,0.25,0.26,8000,0.52
2010-05-24,0.25,0.25,0.25,0.25,532000,0.50
2010-05-21,0.28,0.28,0.28,0.28,000,0.56
2010-05-20,0.28,0.28,0.28,0.28,000,0.56
2010-05-19,0.28,0.28,0.28,0.28,000,0.56
2010-05-18,0.28,0.28,0.28,0.28,000,0.56
2010-05-17,0.28,0.28,0.28,0.28,000,0.56
2010-05-14,0.28,0.28,0.28,0.28,000,0.56
2010-05-13,0.28,0.28,0.28,0.28,2000,0.56
2010-05-12,0.28,0.30,0.28,0.30,1000,0.60
2010-05-11,0.30,0.30,0.30,0.30,000,0.60
2010-05-10,0.30,0.30,0.30,0.30,000,0.60
2010-05-07,0.30,0.30,0.30,0.30,7000,0.60
2010-05-06,0.30,0.30,0.30,0.30,5000,0.60
2010-05-05,0.30,0.30,0.30,0.30,000,0.60
2010-05-04,0.30,0.30,0.30,0.30,000,0.60
2010-05-03,0.30,0.30,0.30,0.30,000,0.60
2010-04-30,0.30,0.30,0.30,0.30,000,0.60
2010-04-29,0.30,0.30,0.30,0.30,000,0.60
2010-04-28,0.30,0.30,0.30,0.30,000,0.60
2010-04-27,0.30,0.30,0.30,0.30,000,0.60
2010-04-26,0.30,0.30,0.30,0.30,000,0.60
2010-04-23,0.38,0.42,0.38,0.42,1000,0.84
2010-04-22,0.30,0.30,0.30,0.30,000,0.60
2010-04-21,0.30,0.30,0.30,0.30,15000,0.60
2010-04-20,0.30,0.30,0.30,0.30,000,0.60
2010-04-19,0.30,0.30,0.30,0.30,000,0.60
2010-04-16,0.32,0.32,0.32,0.32,000,0.64
2010-04-15,0.32,0.32,0.32,0.32,000,0.64
2010-04-14,0.32,0.32,0.32,0.32,000,0.64
2010-04-13,0.30,0.32,0.30,0.32,27000,0.64
2010-04-12,0.28,0.28,0.28,0.28,1000,0.56
2010-04-09,0.28,0.35,0.28,0.35,1000,0.70
2010-04-08,0.35,0.36,0.30,0.36,8000,0.72
2010-04-07,0.30,0.30,0.30,0.30,000,0.60
2010-04-06,0.30,0.30,0.30,0.30,000,0.60
2010-04-05,0.30,0.30,0.30,0.30,11000,0.60
2010-04-01,0.26,0.26,0.26,0.26,000,0.52
2010-03-31,0.26,0.26,0.26,0.26,000,0.52
2010-03-30,0.26,0.26,0.26,0.26,000,0.52
2010-03-29,0.25,0.25,0.25,0.25,000,0.50
2010-03-26,0.25,0.25,0.25,0.25,000,0.50
2010-03-25,0.25,0.25,0.25,0.25,000,0.50
2010-03-24,0.25,0.25,0.25,0.25,000,0.50
2010-03-23,0.25,0.25,0.25,0.25,15000,0.50
2010-03-22,0.25,0.25,0.25,0.25,1000,0.50
2010-03-19,0.25,0.25,0.25,0.25,2000,0.50
2010-03-18,0.25,0.25,0.25,0.25,831000,0.50
2010-03-17,0.25,0.25,0.25,0.25,000,0.50
2010-03-16,0.26,0.26,0.26,0.26,8000,0.52
2010-03-15,0.30,0.30,0.30,0.30,000,0.60
2010-03-12,0.30,0.30,0.30,0.30,000,0.60
2010-03-11,0.33,0.33,0.28,0.29,155000,0.58
2010-03-10,0.31,0.37,0.31,0.33,9000,0.66
2010-03-09,0.31,0.31,0.31,0.31,000,0.62
2010-03-08,0.29,0.29,0.29,0.29,89000,0.58
2010-03-05,0.30,0.30,0.30,0.30,8000,0.60
2010-03-04,0.29,0.29,0.29,0.29,000,0.58
2010-03-03,0.29,0.29,0.29,0.29,2000,0.58
2010-03-02,0.28,0.29,0.28,0.29,543000,0.58
2010-03-01,0.28,0.31,0.28,0.31,18000,0.62
2010-02-26,0.30,0.30,0.30,0.30,000,0.60
2010-02-25,0.34,0.34,0.30,0.30,10000,0.60
2010-02-24,0.32,0.32,0.30,0.30,627000,0.60
2010-02-23,0.32,0.32,0.32,0.32,714000,0.64
2010-02-22,0.32,0.32,0.32,0.32,000,0.64
2010-02-19,0.34,0.34,0.34,0.34,000,0.68
2010-02-18,0.34,0.34,0.34,0.34,000,0.68
2010-02-17,0.34,0.34,0.34,0.34,000,0.68
2010-02-16,0.34,0.34,0.34,0.34,000,0.68
2010-02-12,0.34,0.34,0.34,0.34,000,0.68
2010-02-11,0.34,0.34,0.34,0.34,000,0.68
2010-02-10,0.34,0.34,0.34,0.34,000,0.68
2010-02-09,0.34,0.34,0.34,0.34,2000,0.68
2010-02-08,0.34,0.34,0.34,0.34,000,0.68
2010-02-05,0.34,0.34,0.34,0.34,000,0.68
2010-02-04,0.34,0.34,0.34,0.34,000,0.68
2010-02-03,0.34,0.34,0.34,0.34,29000,0.68
2010-02-02,0.33,0.33,0.33,0.33,000,0.66
2010-02-01,0.33,0.33,0.33,0.33,000,0.66
2010-01-29,0.32,0.33,0.32,0.33,8000,0.66
2010-01-28,0.32,0.32,0.32,0.32,7000,0.64
2010-01-27,0.33,0.33,0.33,0.33,000,0.66
2010-01-26,0.33,0.33,0.33,0.33,10000,0.66
2010-01-25,0.33,0.33,0.33,0.33,000,0.66
2010-01-22,0.33,0.33,0.33,0.33,000,0.66
2010-01-21,0.33,0.33,0.33,0.33,25000,0.66
2010-01-20,0.33,0.33,0.33,0.33,000,0.66
2010-01-19,0.33,0.33,0.33,0.33,7000,0.66
2010-01-15,0.33,0.33,0.33,0.33,8000,0.66
2010-01-14,0.33,0.33,0.33,0.33,10000,0.66
2010-01-13,0.33,0.33,0.33,0.33,000,0.66
2010-01-12,0.33,0.33,0.33,0.33,000,0.66
2010-01-11,0.33,0.33,0.33,0.33,000,0.66
2010-01-08,0.36,0.36,0.36,0.36,5000,0.72
2010-01-07,0.36,0.36,0.36,0.36,000,0.72
2010-01-06,0.36,0.36,0.36,0.36,000,0.72
2010-01-05,0.36,0.36,0.36,0.36,2000,0.72
2010-01-04,0.36,0.36,0.36,0.36,9000,0.72
